   0.0000 0.0000e+00 0.0000e+00 0.0000e+00 0.0000e+00 0.0000e+00 0.0000e+00 0.0000e+00
   0.2500 3.6839e+06 1.8824e+06 5.7630e+06 2.0349e+06 5.5380e+06 2.9584e+06 4.6246e+06
   0.5000 7.0957e+06 3.6713e+06 1.1003e+07 3.9664e+06 1.0564e+07 5.7050e+06 8.8957e+06
   0.7500 1.0224e+07 5.3513e+06 1.5729e+07 5.7742e+06 1.5097e+07 8.2381e+06 1.2786e+07
   1.0000 1.2992e+07 6.8871e+06 1.9826e+07 7.4187e+06 1.9029e+07 1.0500e+07 1.6194e+07
   1.2500 1.5345e+07 8.2499e+06 2.3219e+07 8.8690e+06 2.2291e+07 1.2446e+07 1.9053e+07
   1.5000 1.7259e+07 9.4216e+06 2.5899e+07 1.0106e+07 2.4875e+07 1.4055e+07 2.1338e+07
   1.7500 1.8736e+07 1.0394e+07 2.7901e+07 1.1124e+07 2.6818e+07 1.5324e+07 2.3059e+07
   2.0000 1.9797e+07 1.1165e+07 2.9281e+07 1.1920e+07 2.8172e+07 1.6265e+07 2.4248e+07
   2.2500 2.0472e+07 1.1738e+07 3.0102e+07 1.2503e+07 2.8998e+07 1.6897e+07 2.4949e+07
   2.5000 2.0796e+07 1.2127e+07 3.0437e+07 1.2886e+07 2.9365e+07 1.7248e+07 2.5215e+07
   2.7500 2.0817e+07 1.2343e+07 3.0354e+07 1.3084e+07 2.9334e+07 1.7352e+07 2.5108e+07
   3.0000 2.0580e+07 1.2403e+07 2.9919e+07 1.3116e+07 2.8966e+07 1.7240e+07 2.4690e+07
   3.2500 2.0128e+07 1.2326e+07 2.9197e+07 1.3004e+07 2.8320e+07 1.6948e+07 2.4018e+07
   3.5000 1.9505e+07 1.2133e+07 2.8244e+07 1.2770e+07 2.7449e+07 1.6506e+07 2.3147e+07
   3.7500 1.8750e+07 1.1842e+07 2.7115e+07 1.2436e+07 2.6401e+07 1.5947e+07 2.2132e+07
   4.0000 1.7900e+07 1.1472e+07 2.5856e+07 1.2022e+07 2.5221e+07 1.5299e+07 2.1016e+07
   4.2500 1.6985e+07 1.1043e+07 2.4511e+07 1.1548e+07 2.3949e+07 1.4588e+07 1.9839e+07
   4.5000 1.6034e+07 1.0570e+07 2.3117e+07 1.1032e+07 2.2623e+07 1.3837e+07 1.8633e+07
   4.7500 1.5068e+07 1.0069e+07 2.1705e+07 1.0488e+07 2.1273e+07 1.3064e+07 1.7426e+07
   5.0000 1.4108e+07 9.5517e+06 2.0303e+07 9.9316e+06 1.9925e+07 1.2287e+07 1.6238e+07
   5.2500 1.3167e+07 9.0292e+06 1.8929e+07 9.3723e+06 1.8600e+07 1.1517e+07 1.5086e+07
   5.5000 1.2257e+07 8.5097e+06 1.7601e+07 8.8190e+06 1.7315e+07 1.0766e+07 1.3982e+07
   5.7500 1.1385e+07 7.9991e+06 1.6328e+07 8.2775e+06 1.6080e+07 1.0040e+07 1.2932e+07
   6.0000 1.0556e+07 7.5021e+06 1.5120e+07 7.7524e+06 1.4904e+07 9.3452e+06 1.1943e+07
   6.2500 9.7740e+06 7.0222e+06 1.3979e+07 7.2472e+06 1.3791e+07 8.6844e+06 1.1017e+07
   6.5000 9.0399e+06 6.5623e+06 1.2910e+07 6.7643e+06 1.2746e+07 8.0602e+06 1.0153e+07
   6.7500 8.3542e+06 6.0955e+06 1.1911e+07 6.2743e+06 1.1768e+07 7.4734e+06 9.3510e+06
   7.0000 7.7160e+06 5.6421e+06 1.0982e+07 5.7992e+06 1.0858e+07 6.9242e+06 8.6089e+06
   7.2500 7.1239e+06 5.2205e+06 1.0121e+07 5.3586e+06 1.0012e+07 6.4120e+06 7.9242e+06
   7.5000 6.5760e+06 4.8293e+06 9.3252e+06 4.9510e+06 9.2298e+06 5.9356e+06 7.2936e+06
   7.7500 6.0699e+06 4.4672e+06 8.5909e+06 4.5745e+06 8.5072e+06 5.4935e+06 6.7140e+06
   8.0000 5.6033e+06 4.1326e+06 7.9146e+06 4.2273e+06 7.8411e+06 5.0842e+06 6.1819e+06
   8.2500 5.1736e+06 3.8237e+06 7.2927e+06 3.9075e+06 7.2278e+06 4.7056e+06 5.6938e+06
   8.5000 4.7782e+06 3.5389e+06 6.7212e+06 3.6131e+06 6.6639e+06 4.3559e+06 5.2465e+06
   8.7500 4.4147e+06 3.2765e+06 6.1966e+06 3.3423e+06 6.1459e+06 4.0333e+06 4.8366e+06
   9.0000 4.0806e+06 3.0348e+06 5.7152e+06 3.0933e+06 5.6702e+06 3.7358e+06 4.4612e+06
   9.2500 3.7736e+06 2.8123e+06 5.2736e+06 2.8643e+06 5.2337e+06 3.4616e+06 4.1174e+06
   9.5000 3.4916e+06 2.6074e+06 4.8687e+06 2.6538e+06 4.8331e+06 3.2089e+06 3.8025e+06
   9.7500 3.2326e+06 2.4189e+06 4.4974e+06 2.4604e+06 4.4657e+06 2.9762e+06 3.5140e+06
  10.0000 2.9946e+06 2.2453e+06 4.1570e+06 2.2824e+06 4.1286e+06 2.7618e+06 3.2496e+06
  10.2500 2.7758e+06 2.0854e+06 3.8446e+06 2.1186e+06 3.8192e+06 2.5642e+06 3.0073e+06
  10.5000 2.5746e+06 1.9381e+06 3.5580e+06 1.9679e+06 3.5352e+06 2.3822e+06 2.7849e+06
  10.7500 2.3897e+06 1.8024e+06 3.2948e+06 1.8292e+06 3.2744e+06 2.2143e+06 2.5809e+06
  11.0000 2.2195e+06 1.6773e+06 3.0532e+06 1.7014e+06 3.0348e+06 2.0595e+06 2.3936e+06
  11.2500 2.0628e+06 1.5619e+06 2.8312e+06 1.5837e+06 2.8146e+06 1.9168e+06 2.2216e+06
  11.5000 1.9187e+06 1.4556e+06 2.6273e+06 1.4752e+06 2.6123e+06 1.7852e+06 2.0636e+06
  11.7500 1.7859e+06 1.3574e+06 2.4398e+06 1.3752e+06 2.4263e+06 1.6637e+06 1.9183e+06
  12.0000 1.6634e+06 1.2667e+06 2.2673e+06 1.2828e+06 2.2551e+06 1.5515e+06 1.7845e+06
  12.2500 1.5504e+06 1.1828e+06 2.1085e+06 1.1974e+06 2.0974e+06 1.4478e+06 1.6613e+06
  12.5000 1.4460e+06 1.1052e+06 1.9621e+06 1.1185e+06 1.9520e+06 1.3518e+06 1.5476e+06
  12.7500 1.3495e+06 1.0333e+06 1.8271e+06 1.0454e+06 1.8179e+06 1.2630e+06 1.4427e+06
  13.0000 1.2603e+06 9.6673e+05 1.7025e+06 9.7770e+05 1.6942e+06 1.1808e+06 1.3459e+06
  13.2500 1.1778e+06 9.0501e+05 1.5875e+06 9.1501e+05 1.5799e+06 1.1046e+06 1.2564e+06
  13.5000 1.1013e+06 8.4778e+05 1.4813e+06 8.5690e+05 1.4744e+06 1.0340e+06 1.1736e+06
  13.7500 1.0306e+06 7.9469e+05 1.3831e+06 8.0301e+05 1.3768e+06 9.6844e+05 1.0971e+06
  14.0000 9.6495e+05 7.4541e+05 1.2923e+06 7.5302e+05 1.2865e+06 9.0764e+05 1.0263e+06
  14.2500 9.0412e+05 6.9964e+05 1.2083e+06 7.0661e+05 1.2030e+06 8.5120e+05 9.6069e+05
  14.5000 8.4769e+05 6.5712e+05 1.1305e+06 6.6350e+05 1.1256e+06 7.9877e+05 8.9991e+05
  14.7500 7.9528e+05 6.1754e+05 1.0584e+06 6.2340e+05 1.0539e+06 7.5002e+05 8.4352e+05
  15.0000 7.4656e+05 5.8069e+05 9.9148e+05 5.8606e+05 9.8738e+05 7.0467e+05 7.9116e+05
  15.2500 7.0124e+05 5.4634e+05 9.2938e+05 5.5128e+05 9.2562e+05 6.6243e+05 7.4251e+05
  15.5000 6.5906e+05 5.1430e+05 8.7170e+05 5.1884e+05 8.6824e+05 6.2308e+05 6.9727e+05
  15.7500 6.1977e+05 4.8442e+05 8.1808e+05 4.8860e+05 8.1490e+05 5.8640e+05 6.5518e+05
  16.0000 5.8315e+05 4.5651e+05 7.6821e+05 4.6036e+05 7.6528e+05 5.5218e+05 6.1599e+05
  16.2500 5.4901e+05 4.3045e+05 7.2180e+05 4.3399e+05 7.1909e+05 5.2024e+05 5.7947e+05
  16.5000 5.1714e+05 4.0608e+05 6.7858e+05 4.0935e+05 6.7608e+05 4.9040e+05 5.4543e+05
  16.7500 4.8739e+05 3.8330e+05 6.3831e+05 3.8631e+05 6.3600e+05 4.6252e+05 5.1367e+05
  17.0000 4.5960e+05 3.6198e+05 6.0076e+05 3.6476e+05 5.9863e+05 4.3645e+05 4.8403e+05
  17.2500 4.3362e+05 3.4202e+05 5.6573e+05 3.4459e+05 5.6376e+05 4.1206e+05 4.5634e+05
  17.5000 4.0931e+05 3.2333e+05 5.3304e+05 3.2570e+05 5.3122e+05 3.8923e+05 4.3047e+05
  17.7500 3.8657e+05 3.0581e+05 5.0251e+05 3.0801e+05 5.0082e+05 3.6784e+05 4.0627e+05
  18.0000 3.6528e+05 2.8938e+05 4.7398e+05 2.9142e+05 4.7241e+05 3.4780e+05 3.8364e+05
  18.2500 3.4533e+05 2.7396e+05 4.4729e+05 2.7585e+05 4.4584e+05 3.2902e+05 3.6245e+05
  18.5000 3.2663e+05 2.5949e+05 4.2231e+05 2.6124e+05 4.2097e+05 3.1139e+05 3.4260e+05
  18.7500 3.0909e+05 2.4590e+05 3.9893e+05 2.4752e+05 3.9768e+05 2.9485e+05 3.2400e+05
  19.0000 2.9263e+05 2.3312e+05 3.7702e+05 2.3463e+05 3.7586e+05 2.7931e+05 3.0656e+05
  19.2500 2.7717e+05 2.2110e+05 3.5649e+05 2.2251e+05 3.5541e+05 2.6471e+05 2.9019e+05
  19.5000 2.6265e+05 2.0980e+05 3.3724e+05 2.1110e+05 3.3623e+05 2.5098e+05 2.7483e+05
  19.7500 2.4900e+05 1.9916e+05 3.1917e+05 2.0037e+05 3.1824e+05 2.3808e+05 2.6040e+05
  20.0000 2.3616e+05 1.8914e+05 3.0221e+05 1.9026e+05 3.0134e+05 2.2593e+05 2.4683e+05
  20.2500 2.2409e+05 1.7969e+05 2.8629e+05 1.8074e+05 2.8548e+05 2.1449e+05 2.3408e+05
  20.5000 2.1272e+05 1.7079e+05 2.7132e+05 1.7176e+05 2.7057e+05 2.0372e+05 2.2208e+05
  20.7500 2.0201e+05 1.6239e+05 2.5726e+05 1.6330e+05 2.5656e+05 1.9356e+05 2.1079e+05
  21.0000 1.9192e+05 1.5447e+05 2.4403e+05 1.5532e+05 2.4337e+05 1.8399e+05 2.0016e+05
  21.2500 1.8242e+05 1.4699e+05 2.3158e+05 1.4778e+05 2.3097e+05 1.7496e+05 1.9014e+05
  21.5000 1.7344e+05 1.3992e+05 2.1987e+05 1.4066e+05 2.1930e+05 1.6644e+05 1.8070e+05
  21.7500 1.6498e+05 1.3324e+05 2.0884e+05 1.3394e+05 2.0830e+05 1.5840e+05 1.7180e+05
  22.0000 1.5699e+05 1.2693e+05 1.9844e+05 1.2758e+05 1.9794e+05 1.5080e+05 1.6340e+05
  22.2500 1.4945e+05 1.2097e+05 1.8863e+05 1.2157e+05 1.8816e+05 1.4362e+05 1.5547e+05
  22.5000 1.4232e+05 1.1532e+05 1.7937e+05 1.1588e+05 1.7894e+05 1.3683e+05 1.4798e+05
  22.7500 1.3557e+05 1.0998e+05 1.7063e+05 1.1051e+05 1.7022e+05 1.3041e+05 1.4090e+05
  23.0000 1.2920e+05 1.0492e+05 1.6238e+05 1.0541e+05 1.6199e+05 1.2433e+05 1.3421e+05
  23.2500 1.2316e+05 1.0013e+05 1.5457e+05 1.0059e+05 1.5422e+05 1.1858e+05 1.2789e+05
  23.5000 1.1745e+05 9.5587e+04 1.4720e+05 9.6019e+04 1.4687e+05 1.1313e+05 1.2190e+05
  23.7500 1.1204e+05 9.1282e+04 1.4023e+05 9.1687e+04 1.3991e+05 1.0796e+05 1.1624e+05
  24.0000 1.0692e+05 8.7200e+04 1.3363e+05 8.7580e+04 1.3334e+05 1.0307e+05 1.1088e+05
  24.2500 1.0207e+05 8.3327e+04 1.2739e+05 8.3683e+04 1.2712e+05 9.8431e+04 1.0580e+05
  24.5000 9.7465e+04 7.9652e+04 1.2149e+05 7.9986e+04 1.2122e+05 9.4031e+04 1.0099e+05
  24.7500 9.3101e+04 7.6162e+04 1.1589e+05 7.6476e+04 1.1565e+05 8.9857e+04 9.6429e+04
  25.0000 8.8961e+04 7.2848e+04 1.1059e+05 7.3143e+04 1.1036e+05 8.5895e+04 9.2104e+04
  25.2500 8.5033e+04 6.9700e+04 1.0557e+05 6.9976e+04 1.0536e+05 8.2134e+04 8.8002e+04
  25.5000 8.1303e+04 6.6708e+04 1.0081e+05 6.6968e+04 1.0061e+05 7.8561e+04 8.4110e+04
  25.7500 7.7762e+04 6.3863e+04 9.6305e+04 6.4107e+04 9.6114e+04 7.5167e+04 8.0416e+04
  26.0000 7.4397e+04 6.1157e+04 9.2027e+04 6.1387e+04 9.1847e+04 7.1942e+04 7.6908e+04
  26.2500 7.1200e+04 5.8584e+04 8.7969e+04 5.8800e+04 8.7800e+04 6.8875e+04 7.3576e+04
  26.5000 6.8162e+04 5.6134e+04 8.4118e+04 5.6338e+04 8.3959e+04 6.5960e+04 7.0410e+04
  26.7500 6.5272e+04 5.3803e+04 8.0463e+04 5.3994e+04 8.0313e+04 6.3186e+04 6.7401e+04
  27.0000 6.2523e+04 5.1582e+04 7.6991e+04 5.1762e+04 7.6850e+04 6.0546e+04 6.4540e+04
  27.2500 5.9907e+04 4.9467e+04 7.3689e+04 4.9636e+04 7.3556e+04 5.8032e+04 6.1817e+04
  27.5000 5.7415e+04 4.7450e+04 7.0549e+04 4.7610e+04 7.0424e+04 5.5638e+04 5.9226e+04
  27.7500 5.5042e+04 4.5528e+04 6.7561e+04 4.5679e+04 6.7443e+04 5.3356e+04 5.6759e+04
  28.0000 5.2782e+04 4.3695e+04 6.4718e+04 4.3837e+04 6.4606e+04 5.1181e+04 5.4410e+04
  28.2500 5.0627e+04 4.1947e+04 6.2010e+04 4.2081e+04 6.1905e+04 4.9107e+04 5.2172e+04
  28.5000 4.8573e+04 4.0278e+04 5.9432e+04 4.0405e+04 5.9333e+04 4.7130e+04 5.0039e+04
  28.7500 4.6614e+04 3.8686e+04 5.6976e+04 3.8805e+04 5.6882e+04 4.5243e+04 4.8006e+04
  29.0000 4.4746e+04 3.7165e+04 5.4636e+04 3.7278e+04 5.4548e+04 4.3443e+04 4.6068e+04
  29.2500 4.2963e+04 3.5714e+04 5.2406e+04 3.5820e+04 5.2322e+04 4.1725e+04 4.4219e+04
  29.5000 4.1262e+04 3.4327e+04 5.0280e+04 3.4427e+04 5.0200e+04 4.0084e+04 4.2456e+04
  29.7500 3.9638e+04 3.3001e+04 4.8252e+04 3.3097e+04 4.8177e+04 3.8518e+04 4.0773e+04
  30.0000 3.8088e+04 3.1735e+04 4.6318e+04 3.1825e+04 4.6247e+04 3.7021e+04 3.9166e+04
  30.2500 3.6606e+04 3.0524e+04 4.4473e+04 3.0609e+04 4.4405e+04 3.5591e+04 3.7633e+04
  30.5000 3.5192e+04 2.9366e+04 4.2711e+04 2.9447e+04 4.2648e+04 3.4225e+04 3.6168e+04
  30.7500 3.3839e+04 2.8258e+04 4.1030e+04 2.8335e+04 4.0970e+04 3.2919e+04 3.4769e+04
  31.0000 3.2547e+04 2.7199e+04 3.9425e+04 2.7271e+04 3.9368e+04 3.1670e+04 3.3432e+04
  31.2500 3.1311e+04 2.6185e+04 3.7892e+04 2.6253e+04 3.7837e+04 3.0475e+04 3.2154e+04
  31.5000 3.0130e+04 2.5214e+04 3.6427e+04 2.5279e+04 3.6375e+04 2.9332e+04 3.0933e+04
  31.7500 2.8999e+04 2.4285e+04 3.5027e+04 2.4346e+04 3.4978e+04 2.8239e+04 2.9765e+04
  32.0000 2.7918e+04 2.3395e+04 3.3690e+04 2.3453e+04 3.3643e+04 2.7192e+04 2.8648e+04
  32.2500 2.6883e+04 2.2542e+04 3.2411e+04 2.2598e+04 3.2367e+04 2.6191e+04 2.7579e+04
  32.5000 2.5893e+04 2.1725e+04 3.1188e+04 2.1778e+04 3.1146e+04 2.5232e+04 2.6556e+04
  32.7500 2.4944e+04 2.0942e+04 3.0019e+04 2.0993e+04 2.9979e+04 2.4313e+04 2.5578e+04
  33.0000 2.4036e+04 2.0192e+04 2.8900e+04 2.0240e+04 2.8862e+04 2.3433e+04 2.4641e+04
  33.2500 2.3166e+04 1.9473e+04 2.7829e+04 1.9518e+04 2.7793e+04 2.2590e+04 2.3743e+04
  33.5000 2.2332e+04 1.8782e+04 2.6804e+04 1.8826e+04 2.6769e+04 2.1781e+04 2.2883e+04
  33.7500 2.1532e+04 1.8120e+04 2.5821e+04 1.8161e+04 2.5789e+04 2.1005e+04 2.2058e+04
  34.0000 2.0764e+04 1.7485e+04 2.4880e+04 1.7524e+04 2.4849e+04 2.0261e+04 2.1268e+04
  34.2500 2.0028e+04 1.6875e+04 2.3978e+04 1.6912e+04 2.3949e+04 1.9546e+04 2.0509e+04
  34.5000 1.9322e+04 1.6289e+04 2.3114e+04 1.6324e+04 2.3086e+04 1.8861e+04 1.9781e+04
  34.7500 1.8644e+04 1.5726e+04 2.2285e+04 1.5760e+04 2.2258e+04 1.8203e+04 1.9083e+04
  35.0000 1.7993e+04 1.5186e+04 2.1490e+04 1.5218e+04 2.1465e+04 1.7571e+04 1.8413e+04
  35.2500 1.7368e+04 1.4667e+04 2.0728e+04 1.4697e+04 2.0704e+04 1.6964e+04 1.7770e+04
  35.5000 1.6768e+04 1.4168e+04 1.9997e+04 1.4197e+04 1.9974e+04 1.6382e+04 1.7152e+04
  35.7500 1.6191e+04 1.3689e+04 1.9295e+04 1.3716e+04 1.9273e+04 1.5822e+04 1.6560e+04
  36.0000 1.5637e+04 1.3228e+04 1.8621e+04 1.3254e+04 1.8600e+04 1.5283e+04 1.5990e+04
  36.2500 1.5105e+04 1.2785e+04 1.7974e+04 1.2810e+04 1.7954e+04 1.4766e+04 1.5443e+04
  36.5000 1.4594e+04 1.2359e+04 1.7353e+04 1.2383e+04 1.7334e+04 1.4269e+04 1.4917e+04
  36.7500 1.4102e+04 1.1949e+04 1.6757e+04 1.1972e+04 1.6739e+04 1.3791e+04 1.4412e+04
  37.0000 1.3630e+04 1.1555e+04 1.6184e+04 1.1577e+04 1.6167e+04 1.3331e+04 1.3926e+04
  37.2500 1.3175e+04 1.1176e+04 1.5634e+04 1.1197e+04 1.5617e+04 1.2889e+04 1.3459e+04
  37.5000 1.2738e+04 1.0811e+04 1.5105e+04 1.0831e+04 1.5089e+04 1.2464e+04 1.3010e+04
  37.7500 1.2317e+04 1.0460e+04 1.4596e+04 1.0478e+04 1.4581e+04 1.2055e+04 1.2578e+04
  38.0000 1.1913e+04 1.0122e+04 1.4107e+04 1.0140e+04 1.4093e+04 1.1661e+04 1.2163e+04
  38.2500 1.1523e+04 9.7961e+03 1.3637e+04 9.8131e+03 1.3624e+04 1.1282e+04 1.1764e+04
  38.5000 1.1149e+04 9.4826e+03 1.3185e+04 9.4988e+03 1.3172e+04 1.0917e+04 1.1379e+04
  38.7500 1.0788e+04 9.1806e+03 1.2750e+04 9.1961e+03 1.2738e+04 1.0565e+04 1.1009e+04
  39.0000 1.0441e+04 8.8897e+03 1.2332e+04 8.9045e+03 1.2320e+04 1.0227e+04 1.0653e+04
  39.2500 1.0106e+04 8.6094e+03 1.1929e+04 8.6235e+03 1.1918e+04 9.9010e+03 1.0310e+04
  39.5000 9.7840e+03 8.3393e+03 1.1542e+04 8.3528e+03 1.1531e+04 9.5870e+03 9.9797e+03
  39.7500 9.4738e+03 8.0789e+03 1.1169e+04 8.0918e+03 1.1158e+04 9.2845e+03 9.6617e+03
  40.0000 9.1748e+03 7.8280e+03 1.0809e+04 7.8403e+03 1.0799e+04 8.9929e+03 9.3555e+03
  40.2500 8.8868e+03 7.5861e+03 1.0463e+04 7.5979e+03 1.0454e+04 8.7120e+03 9.0604e+03
  40.5000 8.6092e+03 7.3528e+03 1.0130e+04 7.3641e+03 1.0121e+04 8.4411e+03 8.7761e+03
  40.7500 8.3416e+03 7.1277e+03 9.8093e+03 7.1386e+03 9.8005e+03 8.1800e+03 8.5020e+03
  41.0000 8.0835e+03 6.9106e+03 9.4999e+03 6.9209e+03 9.4915e+03 7.9280e+03 8.2378e+03
  41.2500 7.8345e+03 6.7009e+03 9.2018e+03 6.7108e+03 9.1937e+03 7.6850e+03 7.9830e+03
  41.5000 7.5943e+03 6.4985e+03 8.9143e+03 6.5080e+03 8.9066e+03 7.4504e+03 7.7371e+03
  41.7500 7.3625e+03 6.3031e+03 8.6371e+03 6.3121e+03 8.6297e+03 7.2240e+03 7.4999e+03
  42.0000 7.1388e+03 6.1143e+03 8.3699e+03 6.1230e+03 8.3627e+03 7.0055e+03 7.2711e+03
  42.2500 6.9229e+03 5.9320e+03 8.1120e+03 5.9403e+03 8.1052e+03 6.7945e+03 7.0502e+03
  42.5000 6.7144e+03 5.7559e+03 7.8633e+03 5.7639e+03 7.8568e+03 6.5908e+03 6.8370e+03
  42.7500 6.5131e+03 5.5857e+03 7.6233e+03 5.5934e+03 7.6170e+03 6.3941e+03 6.6311e+03
  43.0000 6.3187e+03 5.4213e+03 7.3917e+03 5.4286e+03 7.3857e+03 6.2041e+03 6.4324e+03
  43.2500 6.1309e+03 5.2624e+03 7.1682e+03 5.2694e+03 7.1624e+03 6.0205e+03 6.2405e+03
  43.5000 5.9495e+03 5.1088e+03 6.9524e+03 5.1155e+03 6.9469e+03 5.8431e+03 6.0551e+03
  43.7500 5.7743e+03 4.9603e+03 6.7441e+03 4.9668e+03 6.7387e+03 5.6717e+03 5.8760e+03
  44.0000 5.6049e+03 4.8167e+03 6.5429e+03 4.8229e+03 6.5378e+03 5.5061e+03 5.7030e+03
  44.2500 5.4413e+03 4.6779e+03 6.3486e+03 4.6839e+03 6.3437e+03 5.3459e+03 5.5358e+03
  44.5000 5.2831e+03 4.5436e+03 6.1609e+03 4.5494e+03 6.1562e+03 5.1911e+03 5.3742e+03
  44.7500 5.1301e+03 4.4138e+03 5.9796e+03 4.4193e+03 5.9750e+03 5.0415e+03 5.2180e+03
  45.0000 4.9823e+03 4.2882e+03 5.8043e+03 4.2935e+03 5.8000e+03 4.8967e+03 5.0670e+03
  45.2500 4.8393e+03 4.1666e+03 5.6350e+03 4.1717e+03 5.6308e+03 4.7568e+03 4.9211e+03
  45.5000 4.7010e+03 4.0490e+03 5.4713e+03 4.0539e+03 5.4673e+03 4.6213e+03 4.7799e+03
  45.7500 4.5672e+03 3.9352e+03 5.3131e+03 3.9399e+03 5.3092e+03 4.4904e+03 4.6434e+03
  46.0000 4.4378e+03 3.8251e+03 5.1601e+03 3.8296e+03 5.1564e+03 4.3636e+03 4.5113e+03
  46.2500 4.3126e+03 3.7185e+03 5.0122e+03 3.7228e+03 5.0086e+03 4.2409e+03 4.3835e+03
  46.5000 4.1914e+03 3.6153e+03 4.8691e+03 3.6194e+03 4.8656e+03 4.1222e+03 4.2599e+03
  46.7500 4.0742e+03 3.5154e+03 4.7307e+03 3.5194e+03 4.7274e+03 4.0073e+03 4.1403e+03
  47.0000 3.9607e+03 3.4186e+03 4.5968e+03 3.4224e+03 4.5936e+03 3.8961e+03 4.0246e+03
  47.2500 3.8508e+03 3.3249e+03 4.4673e+03 3.3286e+03 4.4642e+03 3.7884e+03 3.9125e+03
  47.5000 3.7444e+03 3.2341e+03 4.3420e+03 3.2377e+03 4.3390e+03 3.6841e+03 3.8040e+03
  47.7500 3.6414e+03 3.1462e+03 4.2206e+03 3.1497e+03 4.2178e+03 3.5831e+03 3.6990e+03
  48.0000 3.5416e+03 3.0610e+03 4.1032e+03 3.0644e+03 4.1004e+03 3.4853e+03 3.5973e+03
  48.2500 3.4450e+03 2.9785e+03 3.9895e+03 2.9817e+03 3.9868e+03 3.3905e+03 3.4988e+03
  48.5000 3.3514e+03 2.8986e+03 3.8794e+03 2.9016e+03 3.8768e+03 3.2987e+03 3.4034e+03
  48.7500 3.2607e+03 2.8211e+03 3.7728e+03 2.8240e+03 3.7703e+03 3.2098e+03 3.3110e+03
  49.0000 3.1728e+03 2.7460e+03 3.6696e+03 2.7488e+03 3.6672e+03 3.1236e+03 3.2215e+03
  49.2500 3.0877e+03 2.6732e+03 3.5696e+03 2.6759e+03 3.5673e+03 3.0400e+03 3.1348e+03
  49.5000 3.0052e+03 2.6026e+03 3.4727e+03 2.6053e+03 3.4705e+03 2.9590e+03 3.0507e+03
  49.7500 2.9252e+03 2.5342e+03 3.3788e+03 2.5367e+03 3.3767e+03 2.8805e+03 2.9693e+03
  50.0000 2.8477e+03 2.4678e+03 3.2879e+03 2.4703e+03 3.2858e+03 2.8044e+03 2.8903e+03
  50.2500 2.7725e+03 2.4035e+03 3.1997e+03 2.4059e+03 3.1977e+03 2.7306e+03 2.8138e+03
  50.5000 2.6996e+03 2.3410e+03 3.1143e+03 2.3433e+03 3.1123e+03 2.6590e+03 2.7395e+03
  50.7500 2.6288e+03 2.2804e+03 3.0314e+03 2.2827e+03 3.0296e+03 2.5896e+03 2.6675e+03
  51.0000 2.5602e+03 2.2216e+03 2.9511e+03 2.2238e+03 2.9493e+03 2.5222e+03 2.5977e+03
  51.2500 2.4937e+03 2.1646e+03 2.8732e+03 2.1666e+03 2.8715e+03 2.4568e+03 2.5300e+03
  51.5000 2.4291e+03 2.1091e+03 2.7977e+03 2.1111e+03 2.7960e+03 2.3934e+03 2.4642e+03
  51.7500 2.3664e+03 2.0554e+03 2.7244e+03 2.0573e+03 2.7228e+03 2.3318e+03 2.4005e+03
  52.0000 2.3056e+03 2.0031e+03 2.6534e+03 2.0050e+03 2.6518e+03 2.2721e+03 2.3386e+03
  52.2500 2.2465e+03 1.9524e+03 2.5845e+03 1.9542e+03 2.5829e+03 2.2141e+03 2.2785e+03
  52.5000 2.1892e+03 1.9032e+03 2.5176e+03 1.9049e+03 2.5161e+03 2.1578e+03 2.2202e+03
  52.7500 2.1336e+03 1.8553e+03 2.4527e+03 1.8570e+03 2.4513e+03 2.1031e+03 2.1637e+03
  53.0000 2.0796e+03 1.8089e+03 2.3897e+03 1.8105e+03 2.3883e+03 2.0500e+03 2.1087e+03
  53.2500 2.0271e+03 1.7637e+03 2.3286e+03 1.7653e+03 2.3272e+03 1.9984e+03 2.0554e+03
  53.5000 1.9762e+03 1.7199e+03 2.2692e+03 1.7214e+03 2.2679e+03 1.9483e+03 2.0036e+03
  53.7500 1.9267e+03 1.6773e+03 2.2116e+03 1.6788e+03 2.2104e+03 1.8997e+03 1.9532e+03
  54.0000 1.8786e+03 1.6359e+03 2.1557e+03 1.6373e+03 2.1545e+03 1.8524e+03 1.9044e+03
  54.2500 1.8319e+03 1.5957e+03 2.1014e+03 1.5970e+03 2.1002e+03 1.8065e+03 1.8569e+03
  54.5000 1.7865e+03 1.5566e+03 2.0486e+03 1.5579e+03 2.0475e+03 1.7619e+03 1.8108e+03
  54.7500 1.7424e+03 1.5185e+03 1.9974e+03 1.5198e+03 1.9963e+03 1.7185e+03 1.7660e+03
  55.0000 1.6996e+03 1.4816e+03 1.9476e+03 1.4828e+03 1.9466e+03 1.6764e+03 1.7225e+03
  55.2500 1.6580e+03 1.4457e+03 1.8993e+03 1.4469e+03 1.8983e+03 1.6354e+03 1.6802e+03
  55.5000 1.6175e+03 1.4107e+03 1.8523e+03 1.4119e+03 1.8513e+03 1.5956e+03 1.6390e+03
  55.7500 1.5782e+03 1.3768e+03 1.8067e+03 1.3779e+03 1.8057e+03 1.5569e+03 1.5991e+03
  56.0000 1.5399e+03 1.3437e+03 1.7623e+03 1.3448e+03 1.7614e+03 1.5193e+03 1.5602e+03
  56.2500 1.5027e+03 1.3116e+03 1.7192e+03 1.3127e+03 1.7183e+03 1.4827e+03 1.5224e+03
  56.5000 1.4665e+03 1.2804e+03 1.6773e+03 1.2814e+03 1.6764e+03 1.4471e+03 1.4857e+03
  56.7500 1.4314e+03 1.2500e+03 1.6366e+03 1.2509e+03 1.6357e+03 1.4125e+03 1.4500e+03
  57.0000 1.3972e+03 1.2204e+03 1.5970e+03 1.2213e+03 1.5962e+03 1.3788e+03 1.4153e+03
  57.2500 1.3639e+03 1.1916e+03 1.5585e+03 1.1925e+03 1.5577e+03 1.3461e+03 1.3815e+03
  57.5000 1.3315e+03 1.1636e+03 1.5210e+03 1.1645e+03 1.5203e+03 1.3142e+03 1.3486e+03
  57.7500 1.3001e+03 1.1364e+03 1.4846e+03 1.1372e+03 1.4839e+03 1.2832e+03 1.3167e+03
  58.0000 1.2694e+03 1.1098e+03 1.4492e+03 1.1107e+03 1.4485e+03 1.2531e+03 1.2856e+03
  58.2500 1.2396e+03 1.0840e+03 1.4148e+03 1.0848e+03 1.4140e+03 1.2237e+03 1.2553e+03
  58.5000 1.2106e+03 1.0589e+03 1.3812e+03 1.0597e+03 1.3806e+03 1.1952e+03 1.2259e+03
  58.7500 1.1824e+03 1.0344e+03 1.3486e+03 1.0352e+03 1.3480e+03 1.1673e+03 1.1972e+03
  59.0000 1.1549e+03 1.0106e+03 1.3169e+03 1.0114e+03 1.3163e+03 1.1403e+03 1.1693e+03
  59.2500 1.1282e+03 9.8745e+02 1.2860e+03 9.8817e+02 1.2854e+03 1.1139e+03 1.1422e+03
  59.5000 1.1021e+03 9.6487e+02 1.2560e+03 9.6557e+02 1.2554e+03 1.0883e+03 1.1158e+03
  59.7500 1.0768e+03 9.4289e+02 1.2267e+03 9.4357e+02 1.2262e+03 1.0633e+03 1.0900e+03
  60.0000 1.0521e+03 9.2148e+02 1.1983e+03 9.2214e+02 1.1977e+03 1.0390e+03 1.0650e+03
  60.2500 1.0280e+03 9.0063e+02 1.1706e+03 9.0126e+02 1.1700e+03 1.0153e+03 1.0406e+03
  60.5000 1.0046e+03 8.8031e+02 1.1436e+03 8.8093e+02 1.1430e+03 9.9223e+02 1.0168e+03
  60.7500 9.8182e+02 8.6053e+02 1.1173e+03 8.6113e+02 1.1168e+03 9.6976e+02 9.9371e+02
  61.0000 9.5961e+02 8.4125e+02 1.0917e+03 8.4183e+02 1.0912e+03 9.4788e+02 9.7118e+02
  61.2500 9.3797e+02 8.2247e+02 1.0668e+03 8.2303e+02 1.0663e+03 9.2655e+02 9.4924e+02
  61.5000 9.1689e+02 8.0417e+02 1.0425e+03 8.0472e+02 1.0421e+03 9.0578e+02 9.2787e+02
  61.7500 8.9636e+02 7.8633e+02 1.0189e+03 7.8686e+02 1.0185e+03 8.8554e+02 9.0704e+02
  62.0000 8.7635e+02 7.6894e+02 9.9590e+02 7.6946e+02 9.9544e+02 8.6581e+02 8.8675e+02
  62.2500 8.5685e+02 7.5199e+02 9.7347e+02 7.5250e+02 9.7303e+02 8.4659e+02 8.6698e+02
  62.5000 8.3784e+02 7.3547e+02 9.5162e+02 7.3596e+02 9.5119e+02 8.2785e+02 8.4771e+02
  62.7500 8.1932e+02 7.1936e+02 9.3033e+02 7.1984e+02 9.2992e+02 8.0958e+02 8.2893e+02
  63.0000 8.0126e+02 7.0366e+02 9.0959e+02 7.0412e+02 9.0918e+02 7.9178e+02 8.1062e+02
  63.2500 7.8366e+02 6.8834e+02 8.8937e+02 6.8879e+02 8.8898e+02 7.7442e+02 7.9278e+02
  63.5000 7.6650e+02 6.7341e+02 8.6967e+02 6.7385e+02 8.6929e+02 7.5750e+02 7.7538e+02
  63.7500 7.4976e+02 6.5884e+02 8.5047e+02 6.5927e+02 8.5010e+02 7.4099e+02 7.5842e+02
  64.0000 7.3345e+02 6.4464e+02 8.3175e+02 6.4505e+02 8.3139e+02 7.2490e+02 7.4189e+02
  64.2500 7.1754e+02 6.3078e+02 8.1351e+02 6.3118e+02 8.1315e+02 7.0921e+02 7.2576e+02
  64.5000 7.0202e+02 6.1726e+02 7.9572e+02 6.1765e+02 7.9538e+02 6.9390e+02 7.1004e+02
  64.7500 6.8689e+02 6.0407e+02 7.7838e+02 6.0445e+02 7.7804e+02 6.7898e+02 6.9471e+02
  65.0000 6.7213e+02 5.9121e+02 7.6146e+02 5.9158e+02 7.6114e+02 6.6441e+02 6.7975e+02
  65.2500 6.5773e+02 5.7865e+02 7.4497e+02 5.7901e+02 7.4465e+02 6.5021e+02 6.6516e+02
  65.5000 6.4368e+02 5.6640e+02 7.2889e+02 5.6675e+02 7.2858e+02 6.3635e+02 6.5093e+02
  65.7500 6.2998e+02 5.5445e+02 7.1320e+02 5.5479e+02 7.1290e+02 6.2283e+02 6.3705e+02
  66.0000 6.1661e+02 5.4278e+02 6.9790e+02 5.4311e+02 6.9761e+02 6.0963e+02 6.2350e+02
  66.2500 6.0356e+02 5.3139e+02 6.8298e+02 5.3171e+02 6.8269e+02 5.9675e+02 6.1029e+02
  66.5000 5.9083e+02 5.2028e+02 6.6842e+02 5.2059e+02 6.6814e+02 5.8419e+02 5.9739e+02
  66.7500 5.7840e+02 5.0943e+02 6.5421e+02 5.0973e+02 6.5394e+02 5.7193e+02 5.8480e+02
  67.0000 5.6627e+02 4.9883e+02 6.4035e+02 4.9913e+02 6.4009e+02 5.5996e+02 5.7252e+02
  67.2500 5.5444e+02 4.8849e+02 6.2682e+02 4.8878e+02 6.2657e+02 5.4827e+02 5.6053e+02
  67.5000 5.4288e+02 4.7840e+02 6.1363e+02 4.7868e+02 6.1338e+02 5.3687e+02 5.4883e+02
  67.7500 5.3160e+02 4.6854e+02 6.0074e+02 4.6881e+02 6.0050e+02 5.2573e+02 5.3741e+02
  68.0000 5.2059e+02 4.5891e+02 5.8817e+02 4.5918e+02 5.8793e+02 5.1486e+02 5.2625e+02
  68.2500 5.0983e+02 4.4951e+02 5.7590e+02 4.4977e+02 5.7567e+02 5.0424e+02 5.1537e+02
  68.5000 4.9934e+02 4.4032e+02 5.6392e+02 4.4058e+02 5.6369e+02 4.9388e+02 5.0474e+02
  68.7500 4.8908e+02 4.3136e+02 5.5223e+02 4.3160e+02 5.5200e+02 4.8375e+02 4.9436e+02
  69.0000 4.7907e+02 4.2260e+02 5.4081e+02 4.2284e+02 5.4059e+02 4.7387e+02 4.8422e+02
  69.2500 4.6929e+02 4.1404e+02 5.2966e+02 4.1427e+02 5.2945e+02 4.6421e+02 4.7432e+02
  69.5000 4.5974e+02 4.0568e+02 5.1877e+02 4.0590e+02 5.1857e+02 4.5478e+02 4.6465e+02
  69.7500 4.5041e+02 3.9751e+02 5.0814e+02 3.9773e+02 5.0794e+02 4.4556e+02 4.5521e+02
  70.0000 4.4130e+02 3.8953e+02 4.9776e+02 3.8975e+02 4.9757e+02 4.3656e+02 4.4598e+02
  70.2500 4.3239e+02 3.8173e+02 4.8762e+02 3.8194e+02 4.8743e+02 4.2777e+02 4.3697e+02
  70.5000 4.2369e+02 3.7411e+02 4.7772e+02 3.7432e+02 4.7753e+02 4.1918e+02 4.2817e+02
  70.7500 4.1519e+02 3.6666e+02 4.6804e+02 3.6687e+02 4.6786e+02 4.1078e+02 4.1956e+02
  71.0000 4.0689e+02 3.5939e+02 4.5859e+02 3.5958e+02 4.5841e+02 4.0258e+02 4.1116e+02
  71.2500 3.9877e+02 3.5227e+02 4.4936e+02 3.5246e+02 4.4918e+02 3.9456e+02 4.0294e+02
  71.5000 3.9084e+02 3.4532e+02 4.4033e+02 3.4551e+02 4.4017e+02 3.8673e+02 3.9492e+02
  71.7500 3.8309e+02 3.3852e+02 4.3152e+02 3.3870e+02 4.3135e+02 3.7907e+02 3.8708e+02
  72.0000 3.7551e+02 3.3188e+02 4.2290e+02 3.3206e+02 4.2274e+02 3.7158e+02 3.7941e+02
  72.2500 3.6811e+02 3.2538e+02 4.1448e+02 3.2556e+02 4.1433e+02 3.6426e+02 3.7192e+02
  72.5000 3.6087e+02 3.1903e+02 4.0626e+02 3.1920e+02 4.0610e+02 3.5711e+02 3.6459e+02
  72.7500 3.5379e+02 3.1282e+02 3.9822e+02 3.1299e+02 3.9807e+02 3.5012e+02 3.5743e+02
  73.0000 3.4687e+02 3.0675e+02 3.9035e+02 3.0691e+02 3.9021e+02 3.4328e+02 3.5043e+02
  73.2500 3.4011e+02 3.0081e+02 3.8267e+02 3.0097e+02 3.8253e+02 3.3660e+02 3.4359e+02
  73.5000 3.3349e+02 2.9501e+02 3.7516e+02 2.9516e+02 3.7502e+02 3.3006e+02 3.3689e+02
  73.7500 3.2702e+02 2.8933e+02 3.6781e+02 2.8948e+02 3.6768e+02 3.2367e+02 3.3035e+02
  74.0000 3.2070e+02 2.8378e+02 3.6063e+02 2.8392e+02 3.6050e+02 3.1742e+02 3.2395e+02
  74.2500 3.1451e+02 2.7834e+02 3.5361e+02 2.7849e+02 3.5348e+02 3.1130e+02 3.1769e+02
  74.5000 3.0846e+02 2.7303e+02 3.4675e+02 2.7317e+02 3.4662e+02 3.0532e+02 3.1157e+02
  74.7500 3.0254e+02 2.6783e+02 3.4003e+02 2.6797e+02 3.3991e+02 2.9947e+02 3.0559e+02
  75.0000 2.9675e+02 2.6274e+02 3.3346e+02 2.6288e+02 3.3334e+02 2.9375e+02 2.9973e+02
  75.2500 2.9109e+02 2.5777e+02 3.2704e+02 2.5790e+02 3.2692e+02 2.8815e+02 2.9401e+02
  75.5000 2.8555e+02 2.5290e+02 3.2076e+02 2.5303e+02 3.2064e+02 2.8268e+02 2.8840e+02
  75.7500 2.8013e+02 2.4814e+02 3.1461e+02 2.4826e+02 3.1450e+02 2.7732e+02 2.8292e+02
  76.0000 2.7483e+02 2.4347e+02 3.0860e+02 2.4360e+02 3.0849e+02 2.7207e+02 2.7756e+02
  76.2500 2.6964e+02 2.3891e+02 3.0272e+02 2.3903e+02 3.0261e+02 2.6694e+02 2.7231e+02
  76.5000 2.6456e+02 2.3445e+02 2.9697e+02 2.3456e+02 2.9686e+02 2.6192e+02 2.6718e+02
  76.7500 2.5959e+02 2.3008e+02 2.9134e+02 2.3019e+02 2.9124e+02 2.5701e+02 2.6215e+02
  77.0000 2.5473e+02 2.2580e+02 2.8583e+02 2.2591e+02 2.8573e+02 2.5220e+02 2.5724e+02
  77.2500 2.4997e+02 2.2161e+02 2.8045e+02 2.2172e+02 2.8035e+02 2.4750e+02 2.5243e+02
  77.5000 2.4531e+02 2.1752e+02 2.7517e+02 2.1762e+02 2.7508e+02 2.4289e+02 2.4772e+02
  77.7500 2.4076e+02 2.1350e+02 2.7002e+02 2.1361e+02 2.6992e+02 2.3839e+02 2.4311e+02
  78.0000 2.3629e+02 2.0958e+02 2.6497e+02 2.0968e+02 2.6487e+02 2.3397e+02 2.3860e+02
  78.2500 2.3193e+02 2.0573e+02 2.6003e+02 2.0583e+02 2.5994e+02 2.2965e+02 2.3418e+02
  78.5000 2.2765e+02 2.0196e+02 2.5519e+02 2.0206e+02 2.5510e+02 2.2543e+02 2.2986e+02
  78.7500 2.2346e+02 1.9828e+02 2.5046e+02 1.9837e+02 2.5037e+02 2.2128e+02 2.2563e+02
  79.0000 2.1937e+02 1.9466e+02 2.4582e+02 1.9476e+02 2.4574e+02 2.1723e+02 2.2148e+02
  79.2500 2.1535e+02 1.9113e+02 2.4129e+02 1.9122e+02 2.4121e+02 2.1326e+02 2.1743e+02
  79.5000 2.1142e+02 1.8767e+02 2.3685e+02 1.8775e+02 2.3677e+02 2.0938e+02 2.1346e+02
  79.7500 2.0758e+02 1.8427e+02 2.3250e+02 1.8436e+02 2.3242e+02 2.0557e+02 2.0957e+02
  80.0000 2.0381e+02 1.8095e+02 2.2824e+02 1.8104e+02 2.2817e+02 2.0184e+02 2.0576e+02
  80.2500 2.0012e+02 1.7770e+02 2.2408e+02 1.7778e+02 2.2400e+02 1.9819e+02 2.0203e+02
  80.5000 1.9650e+02 1.7451e+02 2.2000e+02 1.7459e+02 2.1992e+02 1.9462e+02 1.9838e+02
  80.7500 1.9296e+02 1.7139e+02 2.1600e+02 1.7147e+02 2.1593e+02 1.9112e+02 1.9480e+02
  81.0000 1.8950e+02 1.6833e+02 2.1209e+02 1.6841e+02 2.1202e+02 1.8769e+02 1.9129e+02
  81.2500 1.8610e+02 1.6533e+02 2.0826e+02 1.6541e+02 2.0819e+02 1.8432e+02 1.8786e+02
  81.5000 1.8277e+02 1.6240e+02 2.0450e+02 1.6247e+02 2.0443e+02 1.8103e+02 1.8450e+02
  81.7500 1.7951e+02 1.5952e+02 2.0083e+02 1.5959e+02 2.0076e+02 1.7781e+02 1.8121e+02
  82.0000 1.7632e+02 1.5670e+02 1.9722e+02 1.5677e+02 1.9716e+02 1.7465e+02 1.7798e+02
  82.2500 1.7319e+02 1.5394e+02 1.9370e+02 1.5401e+02 1.9363e+02 1.7155e+02 1.7482e+02
  82.5000 1.7012e+02 1.5123e+02 1.9024e+02 1.5130e+02 1.9018e+02 1.6852e+02 1.7172e+02
  82.7500 1.6712e+02 1.4858e+02 1.8685e+02 1.4865e+02 1.8679e+02 1.6555e+02 1.6868e+02
  83.0000 1.6418e+02 1.4598e+02 1.8354e+02 1.4604e+02 1.8348e+02 1.6263e+02 1.6571e+02
  83.2500 1.6129e+02 1.4343e+02 1.8029e+02 1.4349e+02 1.8023e+02 1.5978e+02 1.6279e+02
  83.5000 1.5847e+02 1.4093e+02 1.7710e+02 1.4100e+02 1.7705e+02 1.5698e+02 1.5994e+02
  83.7500 1.5569e+02 1.3848e+02 1.7398e+02 1.3854e+02 1.7393e+02 1.5424e+02 1.5714e+02
  84.0000 1.5298e+02 1.3608e+02 1.7093e+02 1.3614e+02 1.7087e+02 1.5155e+02 1.5440e+02
  84.2500 1.5032e+02 1.3373e+02 1.6793e+02 1.3379e+02 1.6788e+02 1.4892e+02 1.5171e+02
  84.5000 1.4771e+02 1.3142e+02 1.6499e+02 1.3148e+02 1.6494e+02 1.4634e+02 1.4907e+02
  84.7500 1.4515e+02 1.2916e+02 1.6211e+02 1.2922e+02 1.6206e+02 1.4381e+02 1.4649e+02
  85.0000 1.4264e+02 1.2695e+02 1.5929e+02 1.2700e+02 1.5924e+02 1.4132e+02 1.4396e+02
  85.2500 1.4019e+02 1.2477e+02 1.5653e+02 1.2483e+02 1.5648e+02 1.3889e+02 1.4147e+02
  85.5000 1.3778e+02 1.2264e+02 1.5382e+02 1.2269e+02 1.5377e+02 1.3651e+02 1.3904e+02
  85.7500 1.3541e+02 1.2055e+02 1.5116e+02 1.2060e+02 1.5111e+02 1.3417e+02 1.3665e+02
  86.0000 1.3310e+02 1.1850e+02 1.4855e+02 1.1855e+02 1.4851e+02 1.3188e+02 1.3431e+02
  86.2500 1.3082e+02 1.1649e+02 1.4600e+02 1.1654e+02 1.4595e+02 1.2963e+02 1.3202e+02
  86.5000 1.2860e+02 1.1452e+02 1.4350e+02 1.1457e+02 1.4345e+02 1.2742e+02 1.2977e+02
  86.7500 1.2641e+02 1.1258e+02 1.4104e+02 1.1263e+02 1.4100e+02 1.2526e+02 1.2756e+02
  87.0000 1.2427e+02 1.1069e+02 1.3863e+02 1.1073e+02 1.3859e+02 1.2314e+02 1.2539e+02
  87.2500 1.2217e+02 1.0883e+02 1.3627e+02 1.0887e+02 1.3623e+02 1.2106e+02 1.2327e+02
  87.5000 1.2011e+02 1.0700e+02 1.3396e+02 1.0705e+02 1.3391e+02 1.1902e+02 1.2119e+02
  87.7500 1.1808e+02 1.0521e+02 1.3168e+02 1.0525e+02 1.3164e+02 1.1702e+02 1.1915e+02
  88.0000 1.1610e+02 1.0345e+02 1.2946e+02 1.0350e+02 1.2942e+02 1.1505e+02 1.1715e+02
  88.2500 1.1416e+02 1.0173e+02 1.2727e+02 1.0177e+02 1.2723e+02 1.1313e+02 1.1518e+02
  88.5000 1.1225e+02 1.0004e+02 1.2513e+02 1.0008e+02 1.2509e+02 1.1124e+02 1.1325e+02
  88.7500 1.1038e+02 9.8382e+01 1.2303e+02 9.8423e+01 1.2299e+02 1.0938e+02 1.1136e+02
  89.0000 1.0854e+02 9.6754e+01 1.2097e+02 9.6794e+01 1.2093e+02 1.0756e+02 1.0951e+02
  89.2500 1.0674e+02 9.5157e+01 1.1895e+02 9.5197e+01 1.1891e+02 1.0578e+02 1.0769e+02
  89.5000 1.0497e+02 9.3590e+01 1.1696e+02 9.3629e+01 1.1692e+02 1.0403e+02 1.0591e+02
  89.7500 1.0323e+02 9.2052e+01 1.1501e+02 9.2090e+01 1.1498e+02 1.0231e+02 1.0415e+02
  90.0000 1.0153e+02 9.0543e+01 1.1310e+02 9.0580e+01 1.1307e+02 1.0062e+02 1.0243e+02
  90.2500 9.9860e+01 8.9062e+01 1.1123e+02 8.9099e+01 1.1119e+02 9.8971e+01 1.0075e+02
  90.5000 9.8221e+01 8.7608e+01 1.0939e+02 8.7644e+01 1.0936e+02 9.7347e+01 9.9091e+01
  90.7500 9.6612e+01 8.6181e+01 1.0759e+02 8.6216e+01 1.0755e+02 9.5754e+01 9.7466e+01
  91.0000 9.5032e+01 8.4781e+01 1.0582e+02 8.4815e+01 1.0578e+02 9.4190e+01 9.5872e+01
  91.2500 9.3482e+01 8.3406e+01 1.0408e+02 8.3440e+01 1.0405e+02 9.2655e+01 9.4307e+01
  91.5000 9.1961e+01 8.2056e+01 1.0237e+02 8.2090e+01 1.0234e+02 9.1148e+01 9.2771e+01
  91.7500 9.0467e+01 8.0732e+01 1.0070e+02 8.0764e+01 1.0067e+02 8.9669e+01 9.1263e+01
  92.0000 8.9001e+01 7.9431e+01 9.9054e+01 7.9463e+01 9.9024e+01 8.8217e+01 8.9783e+01
  92.2500 8.7562e+01 7.8154e+01 9.7441e+01 7.8186e+01 9.7411e+01 8.6792e+01 8.8330e+01
  92.5000 8.6149e+01 7.6900e+01 9.5858e+01 7.6931e+01 9.5828e+01 8.5392e+01 8.6903e+01
  92.7500 8.4761e+01 7.5669e+01 9.4303e+01 7.5700e+01 9.4274e+01 8.4019e+01 8.5503e+01
  93.0000 8.3400e+01 7.4461e+01 9.2777e+01 7.4491e+01 9.2749e+01 8.2670e+01 8.4128e+01
  93.2500 8.2062e+01 7.3274e+01 9.1279e+01 7.3303e+01 9.1251e+01 8.1345e+01 8.2778e+01
  93.5000 8.0749e+01 7.2109e+01 8.9809e+01 7.2138e+01 8.9781e+01 8.0045e+01 8.1453e+01
  93.7500 7.9460e+01 7.0964e+01 8.8365e+01 7.0993e+01 8.8338e+01 7.8768e+01 8.0151e+01
  94.0000 7.8195e+01 6.9841e+01 8.6948e+01 6.9868e+01 8.6921e+01 7.7514e+01 7.8874e+01
  94.2500 7.6952e+01 6.8737e+01 8.5556e+01 6.8764e+01 8.5530e+01 7.6283e+01 7.7619e+01
  94.5000 7.5731e+01 6.7653e+01 8.4190e+01 6.7680e+01 8.4165e+01 7.5074e+01 7.6387e+01
  94.7500 7.4533e+01 6.6589e+01 8.2849e+01 6.6615e+01 8.2824e+01 7.3887e+01 7.5177e+01
  95.0000 7.3356e+01 6.5543e+01 8.1532e+01 6.5569e+01 8.1507e+01 7.2721e+01 7.3989e+01
  95.2500 7.2200e+01 6.4516e+01 8.0238e+01 6.4542e+01 8.0214e+01 7.1576e+01 7.2823e+01
  95.5000 7.1065e+01 6.3508e+01 7.8968e+01 6.3533e+01 7.8944e+01 7.0452e+01 7.1677e+01
  95.7500 6.9950e+01 6.2517e+01 7.7721e+01 6.2541e+01 7.7698e+01 6.9347e+01 7.0551e+01
  96.0000 6.8854e+01 6.1544e+01 7.6496e+01 6.1568e+01 7.6473e+01 6.8262e+01 6.9446e+01
  96.2500 6.7779e+01 6.0588e+01 7.5293e+01 6.0611e+01 7.5270e+01 6.7196e+01 6.8360e+01
  96.5000 6.6722e+01 5.9648e+01 7.4111e+01 5.9672e+01 7.4089e+01 6.6150e+01 6.7294e+01
  96.7500 6.5684e+01 5.8726e+01 7.2951e+01 5.8748e+01 7.2929e+01 6.5121e+01 6.6246e+01
  97.0000 6.4664e+01 5.7819e+01 7.1811e+01 5.7841e+01 7.1790e+01 6.4111e+01 6.5217e+01
  97.2500 6.3663e+01 5.6928e+01 7.0692e+01 5.6950e+01 7.0671e+01 6.3119e+01 6.4206e+01
  97.5000 6.2678e+01 5.6053e+01 6.9592e+01 5.6075e+01 6.9571e+01 6.2144e+01 6.3213e+01
  97.7500 6.1712e+01 5.5193e+01 6.8511e+01 5.5214e+01 6.8491e+01 6.1185e+01 6.2237e+01
  98.0000 6.0761e+01 5.4348e+01 6.7450e+01 5.4369e+01 6.7430e+01 6.0244e+01 6.1278e+01
  98.2500 5.9828e+01 5.3517e+01 6.6407e+01 5.3538e+01 6.6388e+01 5.9319e+01 6.0336e+01
  98.5000 5.8911e+01 5.2701e+01 6.5383e+01 5.2722e+01 6.5364e+01 5.8411e+01 5.9411e+01
  98.7500 5.8010e+01 5.1896e+01 6.4377e+01 5.1916e+01 6.4358e+01 5.7518e+01 5.8501e+01
  99.0000 5.7124e+01 5.1104e+01 6.3388e+01 5.1123e+01 6.3369e+01 5.6640e+01 5.7608e+01
  99.2500 5.6254e+01 5.0325e+01 6.2416e+01 5.0344e+01 6.2398e+01 5.5778e+01 5.6730e+01
  99.5000 5.5399e+01 4.9560e+01 6.1461e+01 4.9579e+01 6.1443e+01 5.4931e+01 5.5867e+01
  99.7500 5.4558e+01 4.8808e+01 6.0523e+01 4.8826e+01 6.0505e+01 5.4098e+01 5.5018e+01
 100.0000 5.3732e+01 4.8068e+01 5.9601e+01 4.8087e+01 5.9584e+01 5.3279e+01 5.4185e+01
 100.2500 5.2920e+01 4.7342e+01 5.8695e+01 4.7360e+01 5.8678e+01 5.2475e+01 5.3366e+01
 100.5000 5.2122e+01 4.6628e+01 5.7805e+01 4.6645e+01 5.7788e+01 5.1684e+01 5.2560e+01
 100.7500 5.1338e+01 4.5926e+01 5.6930e+01 4.5943e+01 5.6913e+01 5.0907e+01 5.1769e+01
 101.0000 5.0567e+01 4.5236e+01 5.6070e+01 4.5253e+01 5.6053e+01 5.0142e+01 5.0991e+01
 101.2500 4.9809e+01 4.4558e+01 5.5224e+01 4.4575e+01 5.5208e+01 4.9392e+01 5.0226e+01
 101.5000 4.9064e+01 4.3891e+01 5.4394e+01 4.3907e+01 5.4378e+01 4.8653e+01 4.9475e+01
 101.7500 4.8331e+01 4.3236e+01 5.3577e+01 4.3252e+01 5.3561e+01 4.7927e+01 4.8736e+01
 102.0000 4.7611e+01 4.2591e+01 5.2774e+01 4.2607e+01 5.2759e+01 4.7214e+01 4.8009e+01
 102.2500 4.6904e+01 4.1958e+01 5.1985e+01 4.1974e+01 5.1970e+01 4.6512e+01 4.7295e+01
 102.5000 4.6208e+01 4.1335e+01 5.1209e+01 4.1350e+01 5.1194e+01 4.5823e+01 4.6593e+01
 102.7500 4.5523e+01 4.0723e+01 5.0447e+01 4.0738e+01 5.0432e+01 4.5145e+01 4.5903e+01
 103.0000 4.4851e+01 4.0121e+01 4.9697e+01 4.0136e+01 4.9682e+01 4.4478e+01 4.5224e+01
 103.2500 4.4189e+01 3.9529e+01 4.8960e+01 3.9543e+01 4.8946e+01 4.3822e+01 4.4556e+01
 103.5000 4.3539e+01 3.8947e+01 4.8235e+01 3.8961e+01 4.8221e+01 4.3177e+01 4.3900e+01
 103.7500 4.2899e+01 3.8374e+01 4.7522e+01 3.8388e+01 4.7509e+01 4.2543e+01 4.3255e+01
 104.0000 4.2270e+01 3.7811e+01 4.6822e+01 3.7825e+01 4.6808e+01 4.1920e+01 4.2620e+01
 104.2500 4.1651e+01 3.7258e+01 4.6133e+01 3.7271e+01 4.6119e+01 4.1307e+01 4.1996e+01
 104.5000 4.1043e+01 3.6713e+01 4.5455e+01 3.6727e+01 4.5442e+01 4.0704e+01 4.1383e+01
 104.7500 4.0445e+01 3.6178e+01 4.4789e+01 3.6191e+01 4.4776e+01 4.0111e+01 4.0779e+01
 105.0000 3.9856e+01 3.5651e+01 4.4134e+01 3.5664e+01 4.4121e+01 3.9528e+01 4.0185e+01
 105.2500 3.9278e+01 3.5133e+01 4.3489e+01 3.5146e+01 4.3477e+01 3.8954e+01 3.9602e+01
 105.5000 3.8708e+01 3.4624e+01 4.2856e+01 3.4636e+01 4.2843e+01 3.8390e+01 3.9027e+01
 105.7500 3.8148e+01 3.4123e+01 4.2232e+01 3.4135e+01 4.2220e+01 3.7835e+01 3.8462e+01
 106.0000 3.7598e+01 3.3630e+01 4.1620e+01 3.3642e+01 4.1608e+01 3.7289e+01 3.7907e+01
 106.2500 3.7056e+01 3.3145e+01 4.1017e+01 3.3157e+01 4.1005e+01 3.6752e+01 3.7360e+01
 106.5000 3.6523e+01 3.2668e+01 4.0423e+01 3.2680e+01 4.0412e+01 3.6224e+01 3.6823e+01
 106.7500 3.5998e+01 3.2199e+01 3.9840e+01 3.2210e+01 3.9829e+01 3.5704e+01 3.6294e+01
 107.0000 3.5483e+01 3.1737e+01 3.9266e+01 3.1749e+01 3.9255e+01 3.5193e+01 3.5774e+01
 107.2500 3.4975e+01 3.1283e+01 3.8702e+01 3.1294e+01 3.8691e+01 3.4690e+01 3.5262e+01
 107.5000 3.4476e+01 3.0836e+01 3.8146e+01 3.0847e+01 3.8136e+01 3.4195e+01 3.4758e+01
 107.7500 3.3985e+01 3.0397e+01 3.7600e+01 3.0407e+01 3.7589e+01 3.3708e+01 3.4263e+01
 108.0000 3.3502e+01 2.9964e+01 3.7063e+01 2.9975e+01 3.7052e+01 3.3228e+01 3.3775e+01
 108.2500 3.3026e+01 2.9539e+01 3.6534e+01 2.9549e+01 3.6523e+01 3.2757e+01 3.3295e+01
 108.5000 3.2558e+01 2.9120e+01 3.6013e+01 2.9130e+01 3.6003e+01 3.2293e+01 3.2824e+01
 108.7500 3.2098e+01 2.8708e+01 3.5501e+01 2.8718e+01 3.5491e+01 3.1837e+01 3.2359e+01
 109.0000 3.1644e+01 2.8302e+01 3.4998e+01 2.8312e+01 3.4988e+01 3.1387e+01 3.1902e+01
 109.2500 3.1198e+01 2.7903e+01 3.4502e+01 2.7913e+01 3.4492e+01 3.0945e+01 3.1452e+01
 109.5000 3.0760e+01 2.7511e+01 3.4014e+01 2.7520e+01 3.4005e+01 3.0510e+01 3.1010e+01
 109.7500 3.0328e+01 2.7124e+01 3.3534e+01 2.7134e+01 3.3525e+01 3.0082e+01 3.0574e+01
 110.0000 2.9903e+01 2.6744e+01 3.3062e+01 2.6753e+01 3.3053e+01 2.9661e+01 3.0145e+01
 110.2500 2.9485e+01 2.6369e+01 3.2597e+01 2.6379e+01 3.2588e+01 2.9246e+01 2.9724e+01
 110.5000 2.9073e+01 2.6001e+01 3.2140e+01 2.6010e+01 3.2130e+01 2.8838e+01 2.9308e+01
 110.7500 2.8668e+01 2.5638e+01 3.1689e+01 2.5647e+01 3.1680e+01 2.8436e+01 2.8900e+01
 111.0000 2.8269e+01 2.5281e+01 3.1246e+01 2.5290e+01 3.1237e+01 2.8041e+01 2.8497e+01
 111.2500 2.7876e+01 2.4930e+01 3.0810e+01 2.4939e+01 3.0801e+01 2.7651e+01 2.8101e+01
 111.5000 2.7489e+01 2.4584e+01 3.0381e+01 2.4593e+01 3.0372e+01 2.7268e+01 2.7712e+01
 111.7500 2.7109e+01 2.4244e+01 2.9958e+01 2.4252e+01 2.9950e+01 2.6891e+01 2.7328e+01
 112.0000 2.6735e+01 2.3909e+01 2.9542e+01 2.3917e+01 2.9534e+01 2.6520e+01 2.6950e+01
 112.2500 2.6366e+01 2.3579e+01 2.9132e+01 2.3587e+01 2.9124e+01 2.6154e+01 2.6578e+01
 112.5000 2.6003e+01 2.3254e+01 2.8729e+01 2.3262e+01 2.8721e+01 2.5794e+01 2.6212e+01
 112.7500 2.5645e+01 2.2934e+01 2.8332e+01 2.2942e+01 2.8324e+01 2.5440e+01 2.5852e+01
 113.0000 2.5293e+01 2.2619e+01 2.7942e+01 2.2627e+01 2.7934e+01 2.5091e+01 2.5497e+01
 113.2500 2.4947e+01 2.2309e+01 2.7557e+01 2.2317e+01 2.7549e+01 2.4747e+01 2.5147e+01
 113.5000 2.4606e+01 2.2004e+01 2.7178e+01 2.2011e+01 2.7171e+01 2.4409e+01 2.4803e+01
 113.7500 2.4270e+01 2.1703e+01 2.6805e+01 2.1710e+01 2.6798e+01 2.4076e+01 2.4465e+01
 114.0000 2.3939e+01 2.1407e+01 2.6438e+01 2.1414e+01 2.6430e+01 2.3748e+01 2.4131e+01
 114.2500 2.3613e+01 2.1116e+01 2.6076e+01 2.1123e+01 2.6069e+01 2.3425e+01 2.3802e+01
 114.5000 2.3293e+01 2.0829e+01 2.5720e+01 2.0836e+01 2.5713e+01 2.3107e+01 2.3479e+01
 114.7500 2.2977e+01 2.0546e+01 2.5370e+01 2.0553e+01 2.5363e+01 2.2794e+01 2.3161e+01
 115.0000 2.2666e+01 2.0268e+01 2.5025e+01 2.0275e+01 2.5018e+01 2.2485e+01 2.2847e+01
 115.2500 2.2360e+01 1.9994e+01 2.4685e+01 2.0000e+01 2.4678e+01 2.2182e+01 2.2538e+01
 115.5000 2.2058e+01 1.9724e+01 2.4350e+01 1.9731e+01 2.4343e+01 2.1883e+01 2.2234e+01
 115.7500 2.1761e+01 1.9458e+01 2.4021e+01 1.9465e+01 2.4014e+01 2.1588e+01 2.1935e+01
 116.0000 2.1469e+01 1.9197e+01 2.3696e+01 1.9203e+01 2.3690e+01 2.1298e+01 2.1640e+01
 116.2500 2.1181e+01 1.8939e+01 2.3377e+01 1.8945e+01 2.3370e+01 2.1013e+01 2.1349e+01
 116.5000 2.0897e+01 1.8685e+01 2.3062e+01 1.8691e+01 2.3056e+01 2.0731e+01 2.1063e+01
 116.7500 2.0618e+01 1.8435e+01 2.2752e+01 1.8441e+01 2.2746e+01 2.0454e+01 2.0782e+01
 117.0000 2.0342e+01 1.8189e+01 2.2447e+01 1.8195e+01 2.2441e+01 2.0181e+01 2.0504e+01
 117.2500 2.0071e+01 1.7946e+01 2.2147e+01 1.7952e+01 2.2141e+01 1.9913e+01 2.0231e+01
 117.5000 1.9805e+01 1.7707e+01 2.1851e+01 1.7713e+01 2.1845e+01 1.9648e+01 1.9962e+01
 117.7500 1.9542e+01 1.7472e+01 2.1559e+01 1.7478e+01 2.1553e+01 1.9387e+01 1.9697e+01
 118.0000 1.9283e+01 1.7240e+01 2.1272e+01 1.7246e+01 2.1266e+01 1.9130e+01 1.9436e+01
 118.2500 1.9027e+01 1.7012e+01 2.0989e+01 1.7018e+01 2.0983e+01 1.8877e+01 1.9178e+01
 118.5000 1.8776e+01 1.6787e+01 2.0711e+01 1.6793e+01 2.0705e+01 1.8628e+01 1.8925e+01
 118.7500 1.8529e+01 1.6566e+01 2.0436e+01 1.6571e+01 2.0431e+01 1.8383e+01 1.8675e+01
 119.0000 1.8285e+01 1.6348e+01 2.0166e+01 1.6353e+01 2.0161e+01 1.8141e+01 1.8430e+01
 119.2500 1.8044e+01 1.6133e+01 1.9900e+01 1.6138e+01 1.9895e+01 1.7902e+01 1.8187e+01
 119.5000 1.7808e+01 1.5921e+01 1.9638e+01 1.5926e+01 1.9632e+01 1.7668e+01 1.7949e+01
 119.7500 1.7575e+01 1.5712e+01 1.9379e+01 1.5717e+01 1.9374e+01 1.7436e+01 1.7713e+01
 120.0000 1.7345e+01 1.5507e+01 1.9125e+01 1.5512e+01 1.9120e+01 1.7209e+01 1.7482e+01
