   0.0000 0.0000e+00 0.0000e+00 0.0000e+00 0.0000e+00 0.0000e+00 0.0000e+00 0.0000e+00
   0.1250 1.8821e+06 9.5409e+05 2.9602e+06 1.0316e+06 2.8467e+06 1.5109e+06 2.3636e+06
   0.2500 3.6839e+06 1.8824e+06 5.7630e+06 2.0349e+06 5.5380e+06 2.9584e+06 4.6246e+06
   0.3750 5.4217e+06 2.7887e+06 8.4417e+06 3.0140e+06 8.1075e+06 4.3559e+06 6.8026e+06
   0.5000 7.0957e+06 3.6713e+06 1.1003e+07 3.9664e+06 1.0564e+07 5.7050e+06 8.8957e+06
   0.6250 8.6995e+06 4.5269e+06 1.3438e+07 4.8880e+06 1.2899e+07 7.0015e+06 1.0894e+07
   0.7500 1.0224e+07 5.3513e+06 1.5729e+07 5.7742e+06 1.5097e+07 8.2381e+06 1.2786e+07
   0.8750 1.1658e+07 6.1396e+06 1.7863e+07 6.6194e+06 1.7144e+07 9.4069e+06 1.4556e+07
   1.0000 1.2992e+07 6.8871e+06 1.9826e+07 7.4187e+06 1.9029e+07 1.0500e+07 1.6194e+07
   1.1250 1.4222e+07 7.5912e+06 2.1612e+07 8.1692e+06 2.0745e+07 1.1514e+07 1.7694e+07
   1.2500 1.5345e+07 8.2499e+06 2.3219e+07 8.8690e+06 2.2291e+07 1.2446e+07 1.9053e+07
   1.3750 1.6357e+07 8.8606e+06 2.4647e+07 9.5153e+06 2.3667e+07 1.3293e+07 2.0268e+07
   1.5000 1.7259e+07 9.4216e+06 2.5899e+07 1.0106e+07 2.4875e+07 1.4055e+07 2.1338e+07
   1.6250 1.8051e+07 9.9329e+06 2.6981e+07 1.0643e+07 2.5923e+07 1.4731e+07 2.2267e+07
   1.7500 1.8736e+07 1.0394e+07 2.7901e+07 1.1124e+07 2.6818e+07 1.5324e+07 2.3059e+07
   1.8750 1.9317e+07 1.0804e+07 2.8665e+07 1.1549e+07 2.7565e+07 1.5834e+07 2.3717e+07
   2.0000 1.9797e+07 1.1165e+07 2.9281e+07 1.1920e+07 2.8172e+07 1.6265e+07 2.4248e+07
   2.1250 2.0181e+07 1.1475e+07 2.9757e+07 1.2238e+07 2.8646e+07 1.6618e+07 2.4656e+07
   2.2500 2.0472e+07 1.1738e+07 3.0102e+07 1.2503e+07 2.8998e+07 1.6897e+07 2.4949e+07
   2.3750 2.0675e+07 1.1955e+07 3.0326e+07 1.2719e+07 2.9235e+07 1.7106e+07 2.5133e+07
   2.5000 2.0796e+07 1.2127e+07 3.0437e+07 1.2886e+07 2.9365e+07 1.7248e+07 2.5215e+07
   2.6250 2.0842e+07 1.2256e+07 3.0444e+07 1.3008e+07 2.9395e+07 1.7329e+07 2.5204e+07
   2.7500 2.0817e+07 1.2343e+07 3.0354e+07 1.3084e+07 2.9334e+07 1.7352e+07 2.5108e+07
   2.8750 2.0728e+07 1.2392e+07 3.0176e+07 1.3120e+07 2.9188e+07 1.7320e+07 2.4934e+07
   3.0000 2.0580e+07 1.2403e+07 2.9919e+07 1.3116e+07 2.8966e+07 1.7240e+07 2.4690e+07
   3.1250 2.0378e+07 1.2381e+07 2.9590e+07 1.3077e+07 2.8674e+07 1.7115e+07 2.4382e+07
   3.2500 2.0128e+07 1.2326e+07 2.9197e+07 1.3004e+07 2.8320e+07 1.6948e+07 2.4018e+07
   3.3750 1.9836e+07 1.2243e+07 2.8746e+07 1.2901e+07 2.7909e+07 1.6744e+07 2.3604e+07
   3.5000 1.9505e+07 1.2133e+07 2.8244e+07 1.2770e+07 2.7449e+07 1.6506e+07 2.3147e+07
   3.6250 1.9142e+07 1.1998e+07 2.7698e+07 1.2614e+07 2.6944e+07 1.6240e+07 2.2654e+07
   3.7500 1.8750e+07 1.1842e+07 2.7115e+07 1.2436e+07 2.6401e+07 1.5947e+07 2.2132e+07
   3.8750 1.8336e+07 1.1666e+07 2.6499e+07 1.2238e+07 2.5825e+07 1.5633e+07 2.1584e+07
   4.0000 1.7900e+07 1.1472e+07 2.5856e+07 1.2022e+07 2.5221e+07 1.5299e+07 2.1016e+07
   4.1250 1.7449e+07 1.1264e+07 2.5192e+07 1.1791e+07 2.4594e+07 1.4950e+07 2.0433e+07
   4.2500 1.6985e+07 1.1043e+07 2.4511e+07 1.1548e+07 2.3949e+07 1.4588e+07 1.9839e+07
   4.3750 1.6513e+07 1.0811e+07 2.3818e+07 1.1294e+07 2.3291e+07 1.4216e+07 1.9238e+07
   4.5000 1.6034e+07 1.0570e+07 2.3117e+07 1.1032e+07 2.2623e+07 1.3837e+07 1.8633e+07
   4.6250 1.5552e+07 1.0322e+07 2.2411e+07 1.0762e+07 2.1949e+07 1.3452e+07 1.8028e+07
   4.7500 1.5068e+07 1.0069e+07 2.1705e+07 1.0488e+07 2.1273e+07 1.3064e+07 1.7426e+07
   4.8750 1.4587e+07 9.8116e+06 2.1002e+07 1.0211e+07 2.0597e+07 1.2675e+07 1.6828e+07
   5.0000 1.4108e+07 9.5517e+06 2.0303e+07 9.9316e+06 1.9925e+07 1.2287e+07 1.6238e+07
   5.1250 1.3634e+07 9.2905e+06 1.9611e+07 9.6516e+06 1.9259e+07 1.1900e+07 1.5656e+07
   5.2500 1.3167e+07 9.0292e+06 1.8929e+07 9.3723e+06 1.8600e+07 1.1517e+07 1.5086e+07
   5.3750 1.2708e+07 8.7686e+06 1.8258e+07 9.0946e+06 1.7952e+07 1.1139e+07 1.4527e+07
   5.5000 1.2257e+07 8.5097e+06 1.7601e+07 8.8190e+06 1.7315e+07 1.0766e+07 1.3982e+07
   5.6250 1.1816e+07 8.2529e+06 1.6957e+07 8.5465e+06 1.6690e+07 1.0400e+07 1.3450e+07
   5.7500 1.1385e+07 7.9991e+06 1.6328e+07 8.2775e+06 1.6080e+07 1.0040e+07 1.2932e+07
   5.8750 1.0965e+07 7.7486e+06 1.5716e+07 8.0127e+06 1.5484e+07 9.6886e+06 1.2430e+07
   6.0000 1.0556e+07 7.5021e+06 1.5120e+07 7.7524e+06 1.4904e+07 9.3452e+06 1.1943e+07
   6.1250 1.0159e+07 7.2599e+06 1.4541e+07 7.4972e+06 1.4339e+07 9.0103e+06 1.1472e+07
   6.2500 9.7740e+06 7.0222e+06 1.3979e+07 7.2472e+06 1.3791e+07 8.6844e+06 1.1017e+07
   6.3750 9.4009e+06 6.7896e+06 1.3436e+07 7.0028e+06 1.3260e+07 8.3676e+06 1.0577e+07
   6.5000 9.0399e+06 6.5623e+06 1.2910e+07 6.7643e+06 1.2746e+07 8.0602e+06 1.0153e+07
   6.6250 8.6910e+06 6.3343e+06 1.2401e+07 6.5252e+06 1.2249e+07 7.7621e+06 9.7443e+06
   6.7500 8.3542e+06 6.0955e+06 1.1911e+07 6.2743e+06 1.1768e+07 7.4734e+06 9.3510e+06
   6.8750 8.0292e+06 5.8648e+06 1.1438e+07 6.0324e+06 1.1305e+07 7.1941e+06 8.9726e+06
   7.0000 7.7160e+06 5.6421e+06 1.0982e+07 5.7992e+06 1.0858e+07 6.9242e+06 8.6089e+06
   7.1250 7.4143e+06 5.4274e+06 1.0543e+07 5.5747e+06 1.0427e+07 6.6635e+06 8.2596e+06
   7.2500 7.1239e+06 5.2205e+06 1.0121e+07 5.3586e+06 1.0012e+07 6.4120e+06 7.9242e+06
   7.3750 6.8446e+06 5.0212e+06 9.7152e+06 5.1508e+06 9.6134e+06 6.1694e+06 7.6023e+06
   7.5000 6.5760e+06 4.8293e+06 9.3252e+06 4.9510e+06 9.2298e+06 5.9356e+06 7.2936e+06
   7.6250 6.3179e+06 4.6448e+06 8.9505e+06 4.7590e+06 8.8612e+06 5.7104e+06 6.9977e+06
   7.7500 6.0699e+06 4.4672e+06 8.5909e+06 4.5745e+06 8.5072e+06 5.4935e+06 6.7140e+06
   7.8750 5.8319e+06 4.2966e+06 8.2457e+06 4.3974e+06 8.1673e+06 5.2849e+06 6.4422e+06
   8.0000 5.6033e+06 4.1326e+06 7.9146e+06 4.2273e+06 7.8411e+06 5.0842e+06 6.1819e+06
   8.1250 5.3840e+06 3.9750e+06 7.5971e+06 4.0641e+06 7.5280e+06 4.8911e+06 5.9326e+06
   8.2500 5.1736e+06 3.8237e+06 7.2927e+06 3.9075e+06 7.2278e+06 4.7056e+06 5.6938e+06
   8.3750 4.9718e+06 3.6784e+06 7.0009e+06 3.7572e+06 6.9399e+06 4.5272e+06 5.4653e+06
   8.5000 4.7782e+06 3.5389e+06 6.7212e+06 3.6131e+06 6.6639e+06 4.3559e+06 5.2465e+06
   8.6250 4.5926e+06 3.4050e+06 6.4533e+06 3.4748e+06 6.3994e+06 4.1913e+06 5.0371e+06
   8.7500 4.4147e+06 3.2765e+06 6.1966e+06 3.3423e+06 6.1459e+06 4.0333e+06 4.8366e+06
   8.8750 4.2441e+06 3.1531e+06 5.9507e+06 3.2152e+06 5.9030e+06 3.8815e+06 4.6448e+06
   9.0000 4.0806e+06 3.0348e+06 5.7152e+06 3.0933e+06 5.6702e+06 3.7358e+06 4.4612e+06
   9.1250 3.9238e+06 2.9212e+06 5.4896e+06 2.9764e+06 5.4473e+06 3.5959e+06 4.2855e+06
   9.2500 3.7736e+06 2.8123e+06 5.2736e+06 2.8643e+06 5.2337e+06 3.4616e+06 4.1174e+06
   9.3750 3.6296e+06 2.7077e+06 5.0667e+06 2.7569e+06 5.0291e+06 3.3327e+06 3.9565e+06
   9.5000 3.4916e+06 2.6074e+06 4.8687e+06 2.6538e+06 4.8331e+06 3.2089e+06 3.8025e+06
   9.6250 3.3594e+06 2.5112e+06 4.6790e+06 2.5551e+06 4.6455e+06 3.0902e+06 3.6551e+06
   9.7500 3.2326e+06 2.4189e+06 4.4974e+06 2.4604e+06 4.4657e+06 2.9762e+06 3.5140e+06
   9.8750 3.1111e+06 2.3303e+06 4.3235e+06 2.3695e+06 4.2936e+06 2.8668e+06 3.3790e+06
  10.0000 2.9946e+06 2.2453e+06 4.1570e+06 2.2824e+06 4.1286e+06 2.7618e+06 3.2496e+06
  10.1250 2.8829e+06 2.1637e+06 3.9974e+06 2.1988e+06 3.9706e+06 2.6610e+06 3.1258e+06
  10.2500 2.7758e+06 2.0854e+06 3.8446e+06 2.1186e+06 3.8192e+06 2.5642e+06 3.0073e+06
  10.3750 2.6731e+06 2.0103e+06 3.6982e+06 2.0417e+06 3.6742e+06 2.4713e+06 2.8937e+06
  10.5000 2.5746e+06 1.9381e+06 3.5580e+06 1.9679e+06 3.5352e+06 2.3822e+06 2.7849e+06
  10.6250 2.4802e+06 1.8689e+06 3.4236e+06 1.8971e+06 3.4020e+06 2.2965e+06 2.6807e+06
  10.7500 2.3897e+06 1.8024e+06 3.2948e+06 1.8292e+06 3.2744e+06 2.2143e+06 2.5809e+06
  10.8750 2.3028e+06 1.7386e+06 3.1714e+06 1.7640e+06 3.1520e+06 2.1354e+06 2.4852e+06
  11.0000 2.2195e+06 1.6773e+06 3.0532e+06 1.7014e+06 3.0348e+06 2.0595e+06 2.3936e+06
  11.1250 2.1395e+06 1.6185e+06 2.9399e+06 1.6414e+06 2.9224e+06 1.9867e+06 2.3058e+06
  11.2500 2.0628e+06 1.5619e+06 2.8312e+06 1.5837e+06 2.8146e+06 1.9168e+06 2.2216e+06
  11.3750 1.9893e+06 1.5077e+06 2.7271e+06 1.5284e+06 2.7114e+06 1.8497e+06 2.1409e+06
  11.5000 1.9187e+06 1.4556e+06 2.6273e+06 1.4752e+06 2.6123e+06 1.7852e+06 2.0636e+06
  11.6250 1.8509e+06 1.4055e+06 2.5316e+06 1.4242e+06 2.5174e+06 1.7232e+06 1.9894e+06
  11.7500 1.7859e+06 1.3574e+06 2.4398e+06 1.3752e+06 2.4263e+06 1.6637e+06 1.9183e+06
  11.8750 1.7234e+06 1.3112e+06 2.3518e+06 1.3281e+06 2.3389e+06 1.6065e+06 1.8500e+06
  12.0000 1.6634e+06 1.2667e+06 2.2673e+06 1.2828e+06 2.2551e+06 1.5515e+06 1.7845e+06
  12.1250 1.6058e+06 1.2240e+06 2.1863e+06 1.2393e+06 2.1746e+06 1.4986e+06 1.7217e+06
  12.2500 1.5504e+06 1.1828e+06 2.1085e+06 1.1974e+06 2.0974e+06 1.4478e+06 1.6613e+06
  12.3750 1.4972e+06 1.1433e+06 2.0338e+06 1.1572e+06 2.0232e+06 1.3989e+06 1.6033e+06
  12.5000 1.4460e+06 1.1052e+06 1.9621e+06 1.1185e+06 1.9520e+06 1.3518e+06 1.5476e+06
  12.6250 1.3968e+06 1.0686e+06 1.8932e+06 1.0812e+06 1.8836e+06 1.3066e+06 1.4941e+06
  12.7500 1.3495e+06 1.0333e+06 1.8271e+06 1.0454e+06 1.8179e+06 1.2630e+06 1.4427e+06
  12.8750 1.3040e+06 9.9939e+05 1.7636e+06 1.0109e+06 1.7548e+06 1.2211e+06 1.3933e+06
  13.0000 1.2603e+06 9.6673e+05 1.7025e+06 9.7770e+05 1.6942e+06 1.1808e+06 1.3459e+06
  13.1250 1.2182e+06 9.3529e+05 1.6439e+06 9.4576e+05 1.6359e+06 1.1420e+06 1.3002e+06
  13.2500 1.1778e+06 9.0501e+05 1.5875e+06 9.1501e+05 1.5799e+06 1.1046e+06 1.2564e+06
  13.3750 1.1388e+06 8.7586e+05 1.5334e+06 8.8540e+05 1.5261e+06 1.0686e+06 1.2142e+06
  13.5000 1.1013e+06 8.4778e+05 1.4813e+06 8.5690e+05 1.4744e+06 1.0340e+06 1.1736e+06
  13.6250 1.0653e+06 8.2074e+05 1.4312e+06 8.2945e+05 1.4246e+06 1.0006e+06 1.1346e+06
  13.7500 1.0306e+06 7.9469e+05 1.3831e+06 8.0301e+05 1.3768e+06 9.6844e+05 1.0971e+06
  13.8750 9.9713e+05 7.6959e+05 1.3368e+06 7.7755e+05 1.3308e+06 9.3747e+05 1.0610e+06
  14.0000 9.6495e+05 7.4541e+05 1.2923e+06 7.5302e+05 1.2865e+06 9.0764e+05 1.0263e+06
  14.1250 9.3396e+05 7.2210e+05 1.2495e+06 7.2938e+05 1.2439e+06 8.7890e+05 9.9285e+05
  14.2500 9.0412e+05 6.9964e+05 1.2083e+06 7.0661e+05 1.2030e+06 8.5120e+05 9.6069e+05
  14.3750 8.7538e+05 6.7799e+05 1.1686e+06 6.8466e+05 1.1636e+06 8.2450e+05 9.2972e+05
  14.5000 8.4769e+05 6.5712e+05 1.1305e+06 6.6350e+05 1.1256e+06 7.9877e+05 8.9991e+05
  14.6250 8.2100e+05 6.3698e+05 1.0937e+06 6.4309e+05 1.0891e+06 7.7396e+05 8.7119e+05
  14.7500 7.9528e+05 6.1754e+05 1.0584e+06 6.2340e+05 1.0539e+06 7.5002e+05 8.4352e+05
  14.8750 7.7047e+05 5.9879e+05 1.0243e+06 6.0440e+05 1.0200e+06 7.2694e+05 8.1686e+05
  15.0000 7.4656e+05 5.8069e+05 9.9148e+05 5.8606e+05 9.8738e+05 7.0467e+05 7.9116e+05
  15.1250 7.2349e+05 5.6321e+05 9.5985e+05 5.6836e+05 9.5593e+05 6.8318e+05 7.6639e+05
  15.2500 7.0124e+05 5.4634e+05 9.2938e+05 5.5128e+05 9.2562e+05 6.6243e+05 7.4251e+05
  15.3750 6.7977e+05 5.3004e+05 9.0001e+05 5.3478e+05 8.9640e+05 6.4241e+05 7.1948e+05
  15.5000 6.5906e+05 5.1430e+05 8.7170e+05 5.1884e+05 8.6824e+05 6.2308e+05 6.9727e+05
  15.6250 6.3906e+05 4.9910e+05 8.4440e+05 5.0346e+05 8.4108e+05 6.0442e+05 6.7585e+05
  15.7500 6.1977e+05 4.8442e+05 8.1808e+05 4.8860e+05 8.1490e+05 5.8640e+05 6.5518e+05
  15.8750 6.0114e+05 4.7023e+05 7.9270e+05 4.7424e+05 7.8964e+05 5.6899e+05 6.3524e+05
  16.0000 5.8315e+05 4.5651e+05 7.6821e+05 4.6036e+05 7.6528e+05 5.5218e+05 6.1599e+05
  16.1250 5.6578e+05 4.4326e+05 7.4459e+05 4.4695e+05 7.4177e+05 5.3593e+05 5.9741e+05
  16.2500 5.4901e+05 4.3045e+05 7.2180e+05 4.3399e+05 7.1909e+05 5.2024e+05 5.7947e+05
  16.3750 5.3280e+05 4.1806e+05 6.9981e+05 4.2146e+05 6.9721e+05 5.0506e+05 5.6215e+05
  16.5000 5.1714e+05 4.0608e+05 6.7858e+05 4.0935e+05 6.7608e+05 4.9040e+05 5.4543e+05
  16.6250 5.0201e+05 3.9450e+05 6.5809e+05 3.9764e+05 6.5569e+05 4.7622e+05 5.2928e+05
  16.7500 4.8739e+05 3.8330e+05 6.3831e+05 3.8631e+05 6.3600e+05 4.6252e+05 5.1367e+05
  16.8750 4.7326e+05 3.7246e+05 6.1921e+05 3.7536e+05 6.1699e+05 4.4927e+05 4.9860e+05
  17.0000 4.5960e+05 3.6198e+05 6.0076e+05 3.6476e+05 5.9863e+05 4.3645e+05 4.8403e+05
  17.1250 4.4639e+05 3.5184e+05 5.8294e+05 3.5451e+05 5.8090e+05 4.2405e+05 4.6995e+05
  17.2500 4.3362e+05 3.4202e+05 5.6573e+05 3.4459e+05 5.6376e+05 4.1206e+05 4.5634e+05
  17.3750 4.2126e+05 3.3252e+05 5.4911e+05 3.3500e+05 5.4721e+05 4.0045e+05 4.4318e+05
  17.5000 4.0931e+05 3.2333e+05 5.3304e+05 3.2570e+05 5.3122e+05 3.8923e+05 4.3047e+05
  17.6250 3.9776e+05 3.1443e+05 5.1752e+05 3.1671e+05 5.1576e+05 3.7836e+05 4.1817e+05
  17.7500 3.8657e+05 3.0581e+05 5.0251e+05 3.0801e+05 5.0082e+05 3.6784e+05 4.0627e+05
  17.8750 3.7575e+05 2.9746e+05 4.8800e+05 2.9958e+05 4.8638e+05 3.5766e+05 3.9477e+05
  18.0000 3.6528e+05 2.8938e+05 4.7398e+05 2.9142e+05 4.7241e+05 3.4780e+05 3.8364e+05
  18.1250 3.5514e+05 2.8155e+05 4.6041e+05 2.8351e+05 4.5891e+05 3.3826e+05 3.7287e+05
  18.2500 3.4533e+05 2.7396e+05 4.4729e+05 2.7585e+05 4.4584e+05 3.2902e+05 3.6245e+05
  18.3750 3.3583e+05 2.6661e+05 4.3459e+05 2.6843e+05 4.3320e+05 3.2006e+05 3.5236e+05
  18.5000 3.2663e+05 2.5949e+05 4.2231e+05 2.6124e+05 4.2097e+05 3.1139e+05 3.4260e+05
  18.6250 3.1772e+05 2.5259e+05 4.1043e+05 2.5428e+05 4.0914e+05 3.0299e+05 3.3315e+05
  18.7500 3.0909e+05 2.4590e+05 3.9893e+05 2.4752e+05 3.9768e+05 2.9485e+05 3.2400e+05
  18.8750 3.0073e+05 2.3941e+05 3.8780e+05 2.4098e+05 3.8660e+05 2.8696e+05 3.1514e+05
  19.0000 2.9263e+05 2.3312e+05 3.7702e+05 2.3463e+05 3.7586e+05 2.7931e+05 3.0656e+05
  19.1250 2.8478e+05 2.2702e+05 3.6659e+05 2.2848e+05 3.6547e+05 2.7190e+05 2.9825e+05
  19.2500 2.7717e+05 2.2110e+05 3.5649e+05 2.2251e+05 3.5541e+05 2.6471e+05 2.9019e+05
  19.3750 2.6980e+05 2.1537e+05 3.4671e+05 2.1672e+05 3.4567e+05 2.5774e+05 2.8239e+05
  19.5000 2.6265e+05 2.0980e+05 3.3724e+05 2.1110e+05 3.3623e+05 2.5098e+05 2.7483e+05
  19.6250 2.5572e+05 2.0440e+05 3.2806e+05 2.0566e+05 3.2709e+05 2.4443e+05 2.6750e+05
  19.7500 2.4900e+05 1.9916e+05 3.1917e+05 2.0037e+05 3.1824e+05 2.3808e+05 2.6040e+05
  19.8750 2.4248e+05 1.9407e+05 3.1056e+05 1.9524e+05 3.0966e+05 2.3191e+05 2.5351e+05
  20.0000 2.3616e+05 1.8914e+05 3.0221e+05 1.9026e+05 3.0134e+05 2.2593e+05 2.4683e+05
  20.1250 2.3004e+05 1.8434e+05 2.9413e+05 1.8543e+05 2.9329e+05 2.2012e+05 2.4036e+05
  20.2500 2.2409e+05 1.7969e+05 2.8629e+05 1.8074e+05 2.8548e+05 2.1449e+05 2.3408e+05
  20.3750 2.1832e+05 1.7517e+05 2.7869e+05 1.7619e+05 2.7791e+05 2.0902e+05 2.2799e+05
  20.5000 2.1272e+05 1.7079e+05 2.7132e+05 1.7176e+05 2.7057e+05 2.0372e+05 2.2208e+05
  20.6250 2.0729e+05 1.6653e+05 2.6418e+05 1.6747e+05 2.6345e+05 1.9856e+05 2.1635e+05
  20.7500 2.0201e+05 1.6239e+05 2.5726e+05 1.6330e+05 2.5656e+05 1.9356e+05 2.1079e+05
  20.8750 1.9689e+05 1.5837e+05 2.5054e+05 1.5925e+05 2.4986e+05 1.8871e+05 2.0540e+05
  21.0000 1.9192e+05 1.5447e+05 2.4403e+05 1.5532e+05 2.4337e+05 1.8399e+05 2.0016e+05
  21.1250 1.8710e+05 1.5067e+05 2.3771e+05 1.5149e+05 2.3708e+05 1.7941e+05 1.9508e+05
  21.2500 1.8242e+05 1.4699e+05 2.3158e+05 1.4778e+05 2.3097e+05 1.7496e+05 1.9014e+05
  21.3750 1.7786e+05 1.4340e+05 2.2564e+05 1.4417e+05 2.2505e+05 1.7064e+05 1.8535e+05
  21.5000 1.7344e+05 1.3992e+05 2.1987e+05 1.4066e+05 2.1930e+05 1.6644e+05 1.8070e+05
  21.6250 1.6915e+05 1.3654e+05 2.1427e+05 1.3725e+05 2.1372e+05 1.6236e+05 1.7618e+05
  21.7500 1.6498e+05 1.3324e+05 2.0884e+05 1.3394e+05 2.0830e+05 1.5840e+05 1.7180e+05
  21.8750 1.6093e+05 1.3005e+05 2.0356e+05 1.3071e+05 2.0305e+05 1.5455e+05 1.6754e+05
  22.0000 1.5699e+05 1.2693e+05 1.9844e+05 1.2758e+05 1.9794e+05 1.5080e+05 1.6340e+05
  22.1250 1.5317e+05 1.2391e+05 1.9346e+05 1.2453e+05 1.9298e+05 1.4716e+05 1.5938e+05
  22.2500 1.4945e+05 1.2097e+05 1.8863e+05 1.2157e+05 1.8816e+05 1.4362e+05 1.5547e+05
  22.3750 1.4583e+05 1.1811e+05 1.8394e+05 1.1869e+05 1.8348e+05 1.4018e+05 1.5167e+05
  22.5000 1.4232e+05 1.1532e+05 1.7937e+05 1.1588e+05 1.7894e+05 1.3683e+05 1.4798e+05
  22.6250 1.3890e+05 1.1261e+05 1.7494e+05 1.1316e+05 1.7452e+05 1.3358e+05 1.4439e+05
  22.7500 1.3557e+05 1.0998e+05 1.7063e+05 1.1051e+05 1.7022e+05 1.3041e+05 1.4090e+05
  22.8750 1.3234e+05 1.0742e+05 1.6645e+05 1.0792e+05 1.6605e+05 1.2733e+05 1.3751e+05
  23.0000 1.2920e+05 1.0492e+05 1.6238e+05 1.0541e+05 1.6199e+05 1.2433e+05 1.3421e+05
  23.1250 1.2614e+05 1.0249e+05 1.5842e+05 1.0297e+05 1.5805e+05 1.2141e+05 1.3101e+05
  23.2500 1.2316e+05 1.0013e+05 1.5457e+05 1.0059e+05 1.5422e+05 1.1858e+05 1.2789e+05
  23.3750 1.2027e+05 9.7827e+04 1.5084e+05 9.8274e+04 1.5049e+05 1.1581e+05 1.2486e+05
  23.5000 1.1745e+05 9.5587e+04 1.4720e+05 9.6019e+04 1.4687e+05 1.1313e+05 1.2190e+05
  23.6250 1.1471e+05 9.3406e+04 1.4367e+05 9.3824e+04 1.4334e+05 1.1051e+05 1.1903e+05
  23.7500 1.1204e+05 9.1282e+04 1.4023e+05 9.1687e+04 1.3991e+05 1.0796e+05 1.1624e+05
  23.8750 1.0945e+05 8.9214e+04 1.3688e+05 8.9606e+04 1.3658e+05 1.0548e+05 1.1352e+05
  24.0000 1.0692e+05 8.7200e+04 1.3363e+05 8.7580e+04 1.3334e+05 1.0307e+05 1.1088e+05
  24.1250 1.0446e+05 8.5238e+04 1.3047e+05 8.5606e+04 1.3018e+05 1.0072e+05 1.0831e+05
  24.2500 1.0207e+05 8.3327e+04 1.2739e+05 8.3683e+04 1.2712e+05 9.8431e+04 1.0580e+05
  24.3750 9.9735e+04 8.1465e+04 1.2440e+05 8.1810e+04 1.2413e+05 9.6202e+04 1.0336e+05
  24.5000 9.7465e+04 7.9652e+04 1.2149e+05 7.9986e+04 1.2122e+05 9.4031e+04 1.0099e+05
  24.6250 9.5254e+04 7.7884e+04 1.1865e+05 7.8208e+04 1.1840e+05 9.1917e+04 9.8679e+04
  24.7500 9.3101e+04 7.6162e+04 1.1589e+05 7.6476e+04 1.1565e+05 8.9857e+04 9.6429e+04
  24.8750 9.1004e+04 7.4484e+04 1.1321e+05 7.4788e+04 1.1297e+05 8.7850e+04 9.4238e+04
  25.0000 8.8961e+04 7.2848e+04 1.1059e+05 7.3143e+04 1.1036e+05 8.5895e+04 9.2104e+04
  25.1250 8.6971e+04 7.1254e+04 1.0805e+05 7.1539e+04 1.0783e+05 8.3990e+04 9.0026e+04
  25.2500 8.5033e+04 6.9700e+04 1.0557e+05 6.9976e+04 1.0536e+05 8.2134e+04 8.8002e+04
  25.3750 8.3144e+04 6.8185e+04 1.0316e+05 6.8453e+04 1.0295e+05 8.0324e+04 8.6031e+04
  25.5000 8.1303e+04 6.6708e+04 1.0081e+05 6.6968e+04 1.0061e+05 7.8561e+04 8.4110e+04
  25.6250 7.9510e+04 6.5267e+04 9.8530e+04 6.5519e+04 9.8333e+04 7.6842e+04 8.2239e+04
  25.7500 7.7762e+04 6.3863e+04 9.6305e+04 6.4107e+04 9.6114e+04 7.5167e+04 8.0416e+04
  25.8750 7.6058e+04 6.2493e+04 9.4138e+04 6.2730e+04 9.3952e+04 7.3534e+04 7.8639e+04
  26.0000 7.4397e+04 6.1157e+04 9.2027e+04 6.1387e+04 9.1847e+04 7.1942e+04 7.6908e+04
  26.1250 7.2778e+04 5.9855e+04 8.9971e+04 6.0077e+04 8.9797e+04 7.0389e+04 7.5220e+04
  26.2500 7.1200e+04 5.8584e+04 8.7969e+04 5.8800e+04 8.7800e+04 6.8875e+04 7.3576e+04
  26.3750 6.9662e+04 5.7344e+04 8.6018e+04 5.7554e+04 8.5854e+04 6.7399e+04 7.1973e+04
  26.5000 6.8162e+04 5.6134e+04 8.4118e+04 5.6338e+04 8.3959e+04 6.5960e+04 7.0410e+04
  26.6250 6.6699e+04 5.4954e+04 8.2267e+04 5.5152e+04 8.2112e+04 6.4555e+04 6.8886e+04
  26.7500 6.5272e+04 5.3803e+04 8.0463e+04 5.3994e+04 8.0313e+04 6.3186e+04 6.7401e+04
  26.8750 6.3881e+04 5.2679e+04 7.8705e+04 5.2865e+04 7.8559e+04 6.1850e+04 6.5952e+04
  27.0000 6.2523e+04 5.1582e+04 7.6991e+04 5.1762e+04 7.6850e+04 6.0546e+04 6.4540e+04
  27.1250 6.1199e+04 5.0512e+04 7.5319e+04 5.0686e+04 7.5182e+04 5.9274e+04 6.3162e+04
  27.2500 5.9907e+04 4.9467e+04 7.3689e+04 4.9636e+04 7.3556e+04 5.8032e+04 6.1817e+04
  27.3750 5.8646e+04 4.8447e+04 7.2100e+04 4.8611e+04 7.1970e+04 5.6820e+04 6.0506e+04
  27.5000 5.7415e+04 4.7450e+04 7.0549e+04 4.7610e+04 7.0424e+04 5.5638e+04 5.9226e+04
  27.6250 5.6214e+04 4.6478e+04 6.9037e+04 4.6633e+04 6.8915e+04 5.4483e+04 5.7978e+04
  27.7500 5.5042e+04 4.5528e+04 6.7561e+04 4.5679e+04 6.7443e+04 5.3356e+04 5.6759e+04
  27.8750 5.3898e+04 4.4601e+04 6.6122e+04 4.4747e+04 6.6007e+04 5.2255e+04 5.5570e+04
  28.0000 5.2782e+04 4.3695e+04 6.4718e+04 4.3837e+04 6.4606e+04 5.1181e+04 5.4410e+04
  28.1250 5.1691e+04 4.2811e+04 6.3347e+04 4.2949e+04 6.3239e+04 5.0132e+04 5.3277e+04
  28.2500 5.0627e+04 4.1947e+04 6.2010e+04 4.2081e+04 6.1905e+04 4.9107e+04 5.2172e+04
  28.3750 4.9588e+04 4.1103e+04 6.0706e+04 4.1233e+04 6.0603e+04 4.8107e+04 5.1093e+04
  28.5000 4.8573e+04 4.0278e+04 5.9432e+04 4.0405e+04 5.9333e+04 4.7130e+04 5.0039e+04
  28.6250 4.7582e+04 3.9473e+04 5.8189e+04 3.9596e+04 5.8093e+04 4.6175e+04 4.9010e+04
  28.7500 4.6614e+04 3.8686e+04 5.6976e+04 3.8805e+04 5.6882e+04 4.5243e+04 4.8006e+04
  28.8750 4.5669e+04 3.7917e+04 5.5792e+04 3.8033e+04 5.5701e+04 4.4332e+04 4.7026e+04
  29.0000 4.4746e+04 3.7165e+04 5.4636e+04 3.7278e+04 5.4548e+04 4.3443e+04 4.6068e+04
  29.1250 4.3844e+04 3.6431e+04 5.3508e+04 3.6541e+04 5.3422e+04 4.2574e+04 4.5133e+04
  29.2500 4.2963e+04 3.5714e+04 5.2406e+04 3.5820e+04 5.2322e+04 4.1725e+04 4.4219e+04
  29.3750 4.2103e+04 3.5012e+04 5.1330e+04 3.5116e+04 5.1249e+04 4.0895e+04 4.3327e+04
  29.5000 4.1262e+04 3.4327e+04 5.0280e+04 3.4427e+04 5.0200e+04 4.0084e+04 4.2456e+04
  29.6250 4.0441e+04 3.3657e+04 4.9254e+04 3.3754e+04 4.9177e+04 3.9292e+04 4.1604e+04
  29.7500 3.9638e+04 3.3001e+04 4.8252e+04 3.3097e+04 4.8177e+04 3.8518e+04 4.0773e+04
  29.8750 3.8854e+04 3.2361e+04 4.7274e+04 3.2454e+04 4.7201e+04 3.7761e+04 3.9960e+04
  30.0000 3.8088e+04 3.1735e+04 4.6318e+04 3.1825e+04 4.6247e+04 3.7021e+04 3.9166e+04
  30.1250 3.7338e+04 3.1123e+04 4.5384e+04 3.1210e+04 4.5315e+04 3.6298e+04 3.8391e+04
  30.2500 3.6606e+04 3.0524e+04 4.4473e+04 3.0609e+04 4.4405e+04 3.5591e+04 3.7633e+04
  30.3750 3.5891e+04 2.9938e+04 4.3582e+04 3.0021e+04 4.3516e+04 3.4900e+04 3.6892e+04
  30.5000 3.5192e+04 2.9366e+04 4.2711e+04 2.9447e+04 4.2648e+04 3.4225e+04 3.6168e+04
  30.6250 3.4508e+04 2.8806e+04 4.1861e+04 2.8885e+04 4.1799e+04 3.3564e+04 3.5460e+04
  30.7500 3.3839e+04 2.8258e+04 4.1030e+04 2.8335e+04 4.0970e+04 3.2919e+04 3.4769e+04
  30.8750 3.3186e+04 2.7723e+04 4.0218e+04 2.7797e+04 4.0160e+04 3.2287e+04 3.4093e+04
  31.0000 3.2547e+04 2.7199e+04 3.9425e+04 2.7271e+04 3.9368e+04 3.1670e+04 3.3432e+04
  31.1250 3.1922e+04 2.6686e+04 3.8649e+04 2.6757e+04 3.8594e+04 3.1066e+04 3.2786e+04
  31.2500 3.1311e+04 2.6185e+04 3.7892e+04 2.6253e+04 3.7837e+04 3.0475e+04 3.2154e+04
  31.3750 3.0714e+04 2.5694e+04 3.7151e+04 2.5761e+04 3.7098e+04 2.9897e+04 3.1537e+04
  31.5000 3.0130e+04 2.5214e+04 3.6427e+04 2.5279e+04 3.6375e+04 2.9332e+04 3.0933e+04
  31.6250 2.9558e+04 2.4744e+04 3.5719e+04 2.4808e+04 3.5669e+04 2.8780e+04 3.0342e+04
  31.7500 2.8999e+04 2.4285e+04 3.5027e+04 2.4346e+04 3.4978e+04 2.8239e+04 2.9765e+04
  31.8750 2.8453e+04 2.3835e+04 3.4351e+04 2.3895e+04 3.4303e+04 2.7710e+04 2.9200e+04
  32.0000 2.7918e+04 2.3395e+04 3.3690e+04 2.3453e+04 3.3643e+04 2.7192e+04 2.8648e+04
  32.1250 2.7395e+04 2.2964e+04 3.3043e+04 2.3021e+04 3.2998e+04 2.6686e+04 2.8108e+04
  32.2500 2.6883e+04 2.2542e+04 3.2411e+04 2.2598e+04 3.2367e+04 2.6191e+04 2.7579e+04
  32.3750 2.6382e+04 2.2129e+04 3.1793e+04 2.2184e+04 3.1750e+04 2.5706e+04 2.7062e+04
  32.5000 2.5893e+04 2.1725e+04 3.1188e+04 2.1778e+04 3.1146e+04 2.5232e+04 2.6556e+04
  32.6250 2.5413e+04 2.1330e+04 3.0597e+04 2.1381e+04 3.0556e+04 2.4767e+04 2.6062e+04
  32.7500 2.4944e+04 2.0942e+04 3.0019e+04 2.0993e+04 2.9979e+04 2.4313e+04 2.5578e+04
  32.8750 2.4485e+04 2.0563e+04 2.9453e+04 2.0612e+04 2.9414e+04 2.3868e+04 2.5104e+04
  33.0000 2.4036e+04 2.0192e+04 2.8900e+04 2.0240e+04 2.8862e+04 2.3433e+04 2.4641e+04
  33.1250 2.3596e+04 1.9829e+04 2.8359e+04 1.9875e+04 2.8322e+04 2.3007e+04 2.4187e+04
  33.2500 2.3166e+04 1.9473e+04 2.7829e+04 1.9518e+04 2.7793e+04 2.2590e+04 2.3743e+04
  33.3750 2.2744e+04 1.9124e+04 2.7311e+04 1.9168e+04 2.7276e+04 2.2181e+04 2.3309e+04
  33.5000 2.2332e+04 1.8782e+04 2.6804e+04 1.8826e+04 2.6769e+04 2.1781e+04 2.2883e+04
  33.6250 2.1927e+04 1.8448e+04 2.6307e+04 1.8490e+04 2.6274e+04 2.1389e+04 2.2466e+04
  33.7500 2.1532e+04 1.8120e+04 2.5821e+04 1.8161e+04 2.5789e+04 2.1005e+04 2.2058e+04
  33.8750 2.1144e+04 1.7799e+04 2.5346e+04 1.7839e+04 2.5314e+04 2.0629e+04 2.1659e+04
  34.0000 2.0764e+04 1.7485e+04 2.4880e+04 1.7524e+04 2.4849e+04 2.0261e+04 2.1268e+04
  34.1250 2.0392e+04 1.7176e+04 2.4424e+04 1.7214e+04 2.4394e+04 1.9900e+04 2.0884e+04
  34.2500 2.0028e+04 1.6875e+04 2.3978e+04 1.6912e+04 2.3949e+04 1.9546e+04 2.0509e+04
  34.3750 1.9671e+04 1.6579e+04 2.3541e+04 1.6615e+04 2.3513e+04 1.9200e+04 2.0141e+04
  34.5000 1.9322e+04 1.6289e+04 2.3114e+04 1.6324e+04 2.3086e+04 1.8861e+04 1.9781e+04
  34.6250 1.8979e+04 1.6005e+04 2.2695e+04 1.6039e+04 2.2668e+04 1.8529e+04 1.9429e+04
  34.7500 1.8644e+04 1.5726e+04 2.2285e+04 1.5760e+04 2.2258e+04 1.8203e+04 1.9083e+04
  34.8750 1.8315e+04 1.5453e+04 2.1883e+04 1.5486e+04 2.1858e+04 1.7884e+04 1.8745e+04
  35.0000 1.7993e+04 1.5186e+04 2.1490e+04 1.5218e+04 2.1465e+04 1.7571e+04 1.8413e+04
  35.1250 1.7677e+04 1.4924e+04 2.1105e+04 1.4955e+04 2.1080e+04 1.7265e+04 1.8088e+04
  35.2500 1.7368e+04 1.4667e+04 2.0728e+04 1.4697e+04 2.0704e+04 1.6964e+04 1.7770e+04
  35.3750 1.7065e+04 1.4415e+04 2.0358e+04 1.4445e+04 2.0335e+04 1.6670e+04 1.7458e+04
  35.5000 1.6768e+04 1.4168e+04 1.9997e+04 1.4197e+04 1.9974e+04 1.6382e+04 1.7152e+04
  35.6250 1.6476e+04 1.3926e+04 1.9642e+04 1.3954e+04 1.9620e+04 1.6099e+04 1.6853e+04
  35.7500 1.6191e+04 1.3689e+04 1.9295e+04 1.3716e+04 1.9273e+04 1.5822e+04 1.6560e+04
  35.8750 1.5912e+04 1.3456e+04 1.8954e+04 1.3483e+04 1.8933e+04 1.5550e+04 1.6272e+04
  36.0000 1.5637e+04 1.3228e+04 1.8621e+04 1.3254e+04 1.8600e+04 1.5283e+04 1.5990e+04
  36.1250 1.5369e+04 1.3004e+04 1.8294e+04 1.3030e+04 1.8274e+04 1.5022e+04 1.5714e+04
  36.2500 1.5105e+04 1.2785e+04 1.7974e+04 1.2810e+04 1.7954e+04 1.4766e+04 1.5443e+04
  36.3750 1.4847e+04 1.2570e+04 1.7661e+04 1.2594e+04 1.7641e+04 1.4515e+04 1.5177e+04
  36.5000 1.4594e+04 1.2359e+04 1.7353e+04 1.2383e+04 1.7334e+04 1.4269e+04 1.4917e+04
  36.6250 1.4346e+04 1.2152e+04 1.7052e+04 1.2176e+04 1.7034e+04 1.4028e+04 1.4662e+04
  36.7500 1.4102e+04 1.1949e+04 1.6757e+04 1.1972e+04 1.6739e+04 1.3791e+04 1.4412e+04
  36.8750 1.3864e+04 1.1750e+04 1.6468e+04 1.1772e+04 1.6450e+04 1.3559e+04 1.4167e+04
  37.0000 1.3630e+04 1.1555e+04 1.6184e+04 1.1577e+04 1.6167e+04 1.3331e+04 1.3926e+04
  37.1250 1.3400e+04 1.1364e+04 1.5906e+04 1.1385e+04 1.5889e+04 1.3108e+04 1.3690e+04
  37.2500 1.3175e+04 1.1176e+04 1.5634e+04 1.1197e+04 1.5617e+04 1.2889e+04 1.3459e+04
  37.3750 1.2954e+04 1.0992e+04 1.5366e+04 1.1012e+04 1.5350e+04 1.2674e+04 1.3233e+04
  37.5000 1.2738e+04 1.0811e+04 1.5105e+04 1.0831e+04 1.5089e+04 1.2464e+04 1.3010e+04
  37.6250 1.2526e+04 1.0634e+04 1.4848e+04 1.0653e+04 1.4832e+04 1.2257e+04 1.2792e+04
  37.7500 1.2317e+04 1.0460e+04 1.4596e+04 1.0478e+04 1.4581e+04 1.2055e+04 1.2578e+04
  37.8750 1.2113e+04 1.0289e+04 1.4349e+04 1.0307e+04 1.4335e+04 1.1856e+04 1.2369e+04
  38.0000 1.1913e+04 1.0122e+04 1.4107e+04 1.0140e+04 1.4093e+04 1.1661e+04 1.2163e+04
  38.1250 1.1716e+04 9.9574e+03 1.3870e+04 9.9748e+03 1.3856e+04 1.1469e+04 1.1961e+04
  38.2500 1.1523e+04 9.7961e+03 1.3637e+04 9.8131e+03 1.3624e+04 1.1282e+04 1.1764e+04
  38.3750 1.1334e+04 9.6378e+03 1.3409e+04 9.6545e+03 1.3396e+04 1.1097e+04 1.1570e+04
  38.5000 1.1149e+04 9.4826e+03 1.3185e+04 9.4988e+03 1.3172e+04 1.0917e+04 1.1379e+04
  38.6250 1.0967e+04 9.3301e+03 1.2966e+04 9.3460e+03 1.2953e+04 1.0739e+04 1.1192e+04
  38.7500 1.0788e+04 9.1806e+03 1.2750e+04 9.1961e+03 1.2738e+04 1.0565e+04 1.1009e+04
  38.8750 1.0613e+04 9.0338e+03 1.2539e+04 9.0489e+03 1.2527e+04 1.0394e+04 1.0829e+04
  39.0000 1.0441e+04 8.8897e+03 1.2332e+04 8.9045e+03 1.2320e+04 1.0227e+04 1.0653e+04
  39.1250 1.0272e+04 8.7482e+03 1.2129e+04 8.7627e+03 1.2117e+04 1.0062e+04 1.0480e+04
  39.2500 1.0106e+04 8.6094e+03 1.1929e+04 8.6235e+03 1.1918e+04 9.9010e+03 1.0310e+04
  39.3750 9.9436e+03 8.4731e+03 1.1734e+04 8.4869e+03 1.1722e+04 9.7425e+03 1.0143e+04
  39.5000 9.7840e+03 8.3393e+03 1.1542e+04 8.3528e+03 1.1531e+04 9.5870e+03 9.9797e+03
  39.6250 9.6275e+03 8.2079e+03 1.1353e+04 8.2211e+03 1.1343e+04 9.4343e+03 9.8192e+03
  39.7500 9.4738e+03 8.0789e+03 1.1169e+04 8.0918e+03 1.1158e+04 9.2845e+03 9.6617e+03
  39.8750 9.3229e+03 7.9523e+03 1.0987e+04 7.9649e+03 1.0977e+04 9.1373e+03 9.5072e+03
  40.0000 9.1748e+03 7.8280e+03 1.0809e+04 7.8403e+03 1.0799e+04 8.9929e+03 9.3555e+03
  40.1250 9.0295e+03 7.7059e+03 1.0635e+04 7.7180e+03 1.0625e+04 8.8511e+03 9.2065e+03
  40.2500 8.8868e+03 7.5861e+03 1.0463e+04 7.5979e+03 1.0454e+04 8.7120e+03 9.0604e+03
  40.3750 8.7467e+03 7.4684e+03 1.0295e+04 7.4799e+03 1.0286e+04 8.5753e+03 8.9169e+03
  40.5000 8.6092e+03 7.3528e+03 1.0130e+04 7.3641e+03 1.0121e+04 8.4411e+03 8.7761e+03
  40.6250 8.4742e+03 7.2393e+03 9.9683e+03 7.2503e+03 9.9593e+03 8.3094e+03 8.6378e+03
  40.7500 8.3416e+03 7.1277e+03 9.8093e+03 7.1386e+03 9.8005e+03 8.1800e+03 8.5020e+03
  40.8750 8.2114e+03 7.0182e+03 9.6532e+03 7.0288e+03 9.6446e+03 8.0529e+03 8.3687e+03
  41.0000 8.0835e+03 6.9106e+03 9.4999e+03 6.9209e+03 9.4915e+03 7.9280e+03 8.2378e+03
  41.1250 7.9579e+03 6.8048e+03 9.3495e+03 6.8149e+03 9.3412e+03 7.8054e+03 8.1092e+03
  41.2500 7.8345e+03 6.7009e+03 9.2018e+03 6.7108e+03 9.1937e+03 7.6850e+03 7.9830e+03
  41.3750 7.7133e+03 6.5988e+03 9.0567e+03 6.6085e+03 9.0488e+03 7.5666e+03 7.8589e+03
  41.5000 7.5943e+03 6.4985e+03 8.9143e+03 6.5080e+03 8.9066e+03 7.4504e+03 7.7371e+03
  41.6250 7.4774e+03 6.3999e+03 8.7745e+03 6.4092e+03 8.7669e+03 7.3362e+03 7.6175e+03
  41.7500 7.3625e+03 6.3031e+03 8.6371e+03 6.3121e+03 8.6297e+03 7.2240e+03 7.4999e+03
  41.8750 7.2497e+03 6.2079e+03 8.5023e+03 6.2168e+03 8.4950e+03 7.1138e+03 7.3845e+03
  42.0000 7.1388e+03 6.1143e+03 8.3699e+03 6.1230e+03 8.3627e+03 7.0055e+03 7.2711e+03
  42.1250 7.0299e+03 6.0223e+03 8.2398e+03 6.0309e+03 8.2328e+03 6.8991e+03 7.1597e+03
  42.2500 6.9229e+03 5.9320e+03 8.1120e+03 5.9403e+03 8.1052e+03 6.7945e+03 7.0502e+03
  42.3750 6.8177e+03 5.8432e+03 7.9866e+03 5.8513e+03 7.9799e+03 6.6918e+03 6.9426e+03
  42.5000 6.7144e+03 5.7559e+03 7.8633e+03 5.7639e+03 7.8568e+03 6.5908e+03 6.8370e+03
  42.6250 6.6129e+03 5.6701e+03 7.7423e+03 5.6779e+03 7.7358e+03 6.4916e+03 6.7332e+03
  42.7500 6.5131e+03 5.5857e+03 7.6233e+03 5.5934e+03 7.6170e+03 6.3941e+03 6.6311e+03
  42.8750 6.4150e+03 5.5028e+03 7.5065e+03 5.5103e+03 7.5004e+03 6.2982e+03 6.5309e+03
  43.0000 6.3187e+03 5.4213e+03 7.3917e+03 5.4286e+03 7.3857e+03 6.2041e+03 6.4324e+03
  43.1250 6.2240e+03 5.3411e+03 7.2790e+03 5.3483e+03 7.2731e+03 6.1115e+03 6.3356e+03
  43.2500 6.1309e+03 5.2624e+03 7.1682e+03 5.2694e+03 7.1624e+03 6.0205e+03 6.2405e+03
  43.3750 6.0394e+03 5.1849e+03 7.0594e+03 5.1918e+03 7.0537e+03 5.9310e+03 6.1470e+03
  43.5000 5.9495e+03 5.1088e+03 6.9524e+03 5.1155e+03 6.9469e+03 5.8431e+03 6.0551e+03
  43.6250 5.8612e+03 5.0339e+03 6.8473e+03 5.0405e+03 6.8419e+03 5.7567e+03 5.9648e+03
  43.7500 5.7743e+03 4.9603e+03 6.7441e+03 4.9668e+03 6.7387e+03 5.6717e+03 5.8760e+03
  43.8750 5.6889e+03 4.8879e+03 6.6426e+03 4.8942e+03 6.6374e+03 5.5882e+03 5.7888e+03
  44.0000 5.6049e+03 4.8167e+03 6.5429e+03 4.8229e+03 6.5378e+03 5.5061e+03 5.7030e+03
  44.1250 5.5224e+03 4.7467e+03 6.4449e+03 4.7528e+03 6.4399e+03 5.4253e+03 5.6187e+03
  44.2500 5.4413e+03 4.6779e+03 6.3486e+03 4.6839e+03 6.3437e+03 5.3459e+03 5.5358e+03
  44.3750 5.3615e+03 4.6102e+03 6.2539e+03 4.6161e+03 6.2491e+03 5.2679e+03 5.4543e+03
  44.5000 5.2831e+03 4.5436e+03 6.1609e+03 4.5494e+03 6.1562e+03 5.1911e+03 5.3742e+03
  44.6250 5.2060e+03 4.4782e+03 6.0694e+03 4.4838e+03 6.0648e+03 5.1157e+03 5.2955e+03
  44.7500 5.1301e+03 4.4138e+03 5.9796e+03 4.4193e+03 5.9750e+03 5.0415e+03 5.2180e+03
  44.8750 5.0556e+03 4.3505e+03 5.8912e+03 4.3559e+03 5.8867e+03 4.9685e+03 5.1419e+03
  45.0000 4.9823e+03 4.2882e+03 5.8043e+03 4.2935e+03 5.8000e+03 4.8967e+03 5.0670e+03
  45.1250 4.9102e+03 4.2269e+03 5.7190e+03 4.2321e+03 5.7147e+03 4.8262e+03 4.9934e+03
  45.2500 4.8393e+03 4.1666e+03 5.6350e+03 4.1717e+03 5.6308e+03 4.7568e+03 4.9211e+03
  45.3750 4.7696e+03 4.1074e+03 5.5525e+03 4.1123e+03 5.5483e+03 4.6885e+03 4.8499e+03
  45.5000 4.7010e+03 4.0490e+03 5.4713e+03 4.0539e+03 5.4673e+03 4.6213e+03 4.7799e+03
  45.6250 4.6336e+03 3.9917e+03 5.3916e+03 3.9965e+03 5.3876e+03 4.5553e+03 4.7111e+03
  45.7500 4.5672e+03 3.9352e+03 5.3131e+03 3.9399e+03 5.3092e+03 4.4904e+03 4.6434e+03
  45.8750 4.5020e+03 3.8797e+03 5.2360e+03 3.8843e+03 5.2321e+03 4.4264e+03 4.5768e+03
  46.0000 4.4378e+03 3.8251e+03 5.1601e+03 3.8296e+03 5.1564e+03 4.3636e+03 4.5113e+03
  46.1250 4.3747e+03 3.7714e+03 5.0855e+03 3.7758e+03 5.0819e+03 4.3018e+03 4.4469e+03
  46.2500 4.3126e+03 3.7185e+03 5.0122e+03 3.7228e+03 5.0086e+03 4.2409e+03 4.3835e+03
  46.3750 4.2515e+03 3.6665e+03 4.9401e+03 3.6707e+03 4.9365e+03 4.1811e+03 4.3212e+03
  46.5000 4.1914e+03 3.6153e+03 4.8691e+03 3.6194e+03 4.8656e+03 4.1222e+03 4.2599e+03
  46.6250 4.1323e+03 3.5649e+03 4.7994e+03 3.5690e+03 4.7959e+03 4.0643e+03 4.1996e+03
  46.7500 4.0742e+03 3.5154e+03 4.7307e+03 3.5194e+03 4.7274e+03 4.0073e+03 4.1403e+03
  46.8750 4.0170e+03 3.4666e+03 4.6632e+03 3.4705e+03 4.6600e+03 3.9513e+03 4.0820e+03
  47.0000 3.9607e+03 3.4186e+03 4.5968e+03 3.4224e+03 4.5936e+03 3.8961e+03 4.0246e+03
  47.1250 3.9053e+03 3.3714e+03 4.5315e+03 3.3752e+03 4.5284e+03 3.8418e+03 3.9681e+03
  47.2500 3.8508e+03 3.3249e+03 4.4673e+03 3.3286e+03 4.4642e+03 3.7884e+03 3.9125e+03
  47.3750 3.7972e+03 3.2791e+03 4.4041e+03 3.2828e+03 4.4011e+03 3.7358e+03 3.8578e+03
  47.5000 3.7444e+03 3.2341e+03 4.3420e+03 3.2377e+03 4.3390e+03 3.6841e+03 3.8040e+03
  47.6250 3.6925e+03 3.1898e+03 4.2808e+03 3.1933e+03 4.2779e+03 3.6332e+03 3.7511e+03
  47.7500 3.6414e+03 3.1462e+03 4.2206e+03 3.1497e+03 4.2178e+03 3.5831e+03 3.6990e+03
  47.8750 3.5911e+03 3.1033e+03 4.1614e+03 3.1067e+03 4.1586e+03 3.5338e+03 3.6477e+03
  48.0000 3.5416e+03 3.0610e+03 4.1032e+03 3.0644e+03 4.1004e+03 3.4853e+03 3.5973e+03
  48.1250 3.4929e+03 3.0195e+03 4.0459e+03 3.0227e+03 4.0432e+03 3.4375e+03 3.5477e+03
  48.2500 3.4450e+03 2.9785e+03 3.9895e+03 2.9817e+03 3.9868e+03 3.3905e+03 3.4988e+03
  48.3750 3.3978e+03 2.9382e+03 3.9340e+03 2.9414e+03 3.9314e+03 3.3443e+03 3.4508e+03
  48.5000 3.3514e+03 2.8986e+03 3.8794e+03 2.9016e+03 3.8768e+03 3.2987e+03 3.4034e+03
  48.6250 3.3057e+03 2.8595e+03 3.8257e+03 2.8625e+03 3.8232e+03 3.2539e+03 3.3569e+03
  48.7500 3.2607e+03 2.8211e+03 3.7728e+03 2.8240e+03 3.7703e+03 3.2098e+03 3.3110e+03
  48.8750 3.2164e+03 2.7832e+03 3.7208e+03 2.7861e+03 3.7183e+03 3.1663e+03 3.2659e+03
  49.0000 3.1728e+03 2.7460e+03 3.6696e+03 2.7488e+03 3.6672e+03 3.1236e+03 3.2215e+03
  49.1250 3.1299e+03 2.7093e+03 3.6192e+03 2.7121e+03 3.6168e+03 3.0815e+03 3.1778e+03
  49.2500 3.0877e+03 2.6732e+03 3.5696e+03 2.6759e+03 3.5673e+03 3.0400e+03 3.1348e+03
  49.3750 3.0461e+03 2.6376e+03 3.5207e+03 2.6403e+03 3.5185e+03 2.9992e+03 3.0924e+03
  49.5000 3.0052e+03 2.6026e+03 3.4727e+03 2.6053e+03 3.4705e+03 2.9590e+03 3.0507e+03
  49.6250 2.9649e+03 2.5681e+03 3.4254e+03 2.5707e+03 3.4232e+03 2.9195e+03 3.0097e+03
  49.7500 2.9252e+03 2.5342e+03 3.3788e+03 2.5367e+03 3.3767e+03 2.8805e+03 2.9693e+03
  49.8750 2.8861e+03 2.5008e+03 3.3330e+03 2.5033e+03 3.3309e+03 2.8422e+03 2.9295e+03
  50.0000 2.8477e+03 2.4678e+03 3.2879e+03 2.4703e+03 3.2858e+03 2.8044e+03 2.8903e+03
  50.1250 2.8098e+03 2.4354e+03 3.2434e+03 2.4378e+03 3.2414e+03 2.7672e+03 2.8518e+03
  50.2500 2.7725e+03 2.4035e+03 3.1997e+03 2.4059e+03 3.1977e+03 2.7306e+03 2.8138e+03
  50.3750 2.7357e+03 2.3720e+03 3.1566e+03 2.3744e+03 3.1547e+03 2.6945e+03 2.7764e+03
  50.5000 2.6996e+03 2.3410e+03 3.1143e+03 2.3433e+03 3.1123e+03 2.6590e+03 2.7395e+03
  50.6250 2.6639e+03 2.3105e+03 3.0725e+03 2.3128e+03 3.0706e+03 2.6240e+03 2.7033e+03
  50.7500 2.6288e+03 2.2804e+03 3.0314e+03 2.2827e+03 3.0296e+03 2.5896e+03 2.6675e+03
  50.8750 2.5943e+03 2.2508e+03 2.9909e+03 2.2530e+03 2.9891e+03 2.5556e+03 2.6323e+03
  51.0000 2.5602e+03 2.2216e+03 2.9511e+03 2.2238e+03 2.9493e+03 2.5222e+03 2.5977e+03
  51.1250 2.5267e+03 2.1929e+03 2.9119e+03 2.1950e+03 2.9101e+03 2.4893e+03 2.5636e+03
  51.2500 2.4937e+03 2.1646e+03 2.8732e+03 2.1666e+03 2.8715e+03 2.4568e+03 2.5300e+03
  51.3750 2.4611e+03 2.1366e+03 2.8352e+03 2.1387e+03 2.8335e+03 2.4249e+03 2.4968e+03
  51.5000 2.4291e+03 2.1091e+03 2.7977e+03 2.1111e+03 2.7960e+03 2.3934e+03 2.4642e+03
  51.6250 2.3975e+03 2.0820e+03 2.7608e+03 2.0840e+03 2.7591e+03 2.3624e+03 2.4321e+03
  51.7500 2.3664e+03 2.0554e+03 2.7244e+03 2.0573e+03 2.7228e+03 2.3318e+03 2.4005e+03
  51.8750 2.3358e+03 2.0290e+03 2.6886e+03 2.0309e+03 2.6871e+03 2.3017e+03 2.3693e+03
  52.0000 2.3056e+03 2.0031e+03 2.6534e+03 2.0050e+03 2.6518e+03 2.2721e+03 2.3386e+03
  52.1250 2.2758e+03 1.9776e+03 2.6187e+03 1.9794e+03 2.6171e+03 2.2428e+03 2.3083e+03
  52.2500 2.2465e+03 1.9524e+03 2.5845e+03 1.9542e+03 2.5829e+03 2.2141e+03 2.2785e+03
  52.3750 2.2177e+03 1.9276e+03 2.5508e+03 1.9294e+03 2.5493e+03 2.1857e+03 2.2492e+03
  52.5000 2.1892e+03 1.9032e+03 2.5176e+03 1.9049e+03 2.5161e+03 2.1578e+03 2.2202e+03
  52.6250 2.1612e+03 1.8791e+03 2.4849e+03 1.8808e+03 2.4834e+03 2.1302e+03 2.1917e+03
  52.7500 2.1336e+03 1.8553e+03 2.4527e+03 1.8570e+03 2.4513e+03 2.1031e+03 2.1637e+03
  52.8750 2.1064e+03 1.8319e+03 2.4210e+03 1.8336e+03 2.4196e+03 2.0763e+03 2.1360e+03
  53.0000 2.0796e+03 1.8089e+03 2.3897e+03 1.8105e+03 2.3883e+03 2.0500e+03 2.1087e+03
  53.1250 2.0531e+03 1.7861e+03 2.3589e+03 1.7877e+03 2.3576e+03 2.0240e+03 2.0818e+03
  53.2500 2.0271e+03 1.7637e+03 2.3286e+03 1.7653e+03 2.3272e+03 1.9984e+03 2.0554e+03
  53.3750 2.0014e+03 1.7417e+03 2.2987e+03 1.7432e+03 2.2974e+03 1.9732e+03 2.0293e+03
  53.5000 1.9762e+03 1.7199e+03 2.2692e+03 1.7214e+03 2.2679e+03 1.9483e+03 2.0036e+03
  53.6250 1.9512e+03 1.6984e+03 2.2402e+03 1.6999e+03 2.2389e+03 1.9238e+03 1.9782e+03
  53.7500 1.9267e+03 1.6773e+03 2.2116e+03 1.6788e+03 2.2104e+03 1.8997e+03 1.9532e+03
  53.8750 1.9025e+03 1.6564e+03 2.1835e+03 1.6579e+03 2.1822e+03 1.8759e+03 1.9286e+03
  54.0000 1.8786e+03 1.6359e+03 2.1557e+03 1.6373e+03 2.1545e+03 1.8524e+03 1.9044e+03
  54.1250 1.8551e+03 1.6156e+03 2.1283e+03 1.6170e+03 2.1272e+03 1.8293e+03 1.8805e+03
  54.2500 1.8319e+03 1.5957e+03 2.1014e+03 1.5970e+03 2.1002e+03 1.8065e+03 1.8569e+03
  54.3750 1.8090e+03 1.5760e+03 2.0748e+03 1.5773e+03 2.0737e+03 1.7840e+03 1.8337e+03
  54.5000 1.7865e+03 1.5566e+03 2.0486e+03 1.5579e+03 2.0475e+03 1.7619e+03 1.8108e+03
  54.6250 1.7643e+03 1.5374e+03 2.0228e+03 1.5387e+03 2.0217e+03 1.7401e+03 1.7882e+03
  54.7500 1.7424e+03 1.5185e+03 1.9974e+03 1.5198e+03 1.9963e+03 1.7185e+03 1.7660e+03
  54.8750 1.7209e+03 1.4999e+03 1.9723e+03 1.5012e+03 1.9713e+03 1.6973e+03 1.7441e+03
  55.0000 1.6996e+03 1.4816e+03 1.9476e+03 1.4828e+03 1.9466e+03 1.6764e+03 1.7225e+03
  55.1250 1.6786e+03 1.4635e+03 1.9233e+03 1.4647e+03 1.9222e+03 1.6558e+03 1.7012e+03
  55.2500 1.6580e+03 1.4457e+03 1.8993e+03 1.4469e+03 1.8983e+03 1.6354e+03 1.6802e+03
  55.3750 1.6376e+03 1.4281e+03 1.8756e+03 1.4293e+03 1.8746e+03 1.6154e+03 1.6595e+03
  55.5000 1.6175e+03 1.4107e+03 1.8523e+03 1.4119e+03 1.8513e+03 1.5956e+03 1.6390e+03
  55.6250 1.5977e+03 1.3936e+03 1.8293e+03 1.3948e+03 1.8284e+03 1.5761e+03 1.6189e+03
  55.7500 1.5782e+03 1.3768e+03 1.8067e+03 1.3779e+03 1.8057e+03 1.5569e+03 1.5991e+03
  55.8750 1.5589e+03 1.3601e+03 1.7843e+03 1.3612e+03 1.7834e+03 1.5380e+03 1.5795e+03
  56.0000 1.5399e+03 1.3437e+03 1.7623e+03 1.3448e+03 1.7614e+03 1.5193e+03 1.5602e+03
  56.1250 1.5212e+03 1.3276e+03 1.7406e+03 1.3286e+03 1.7397e+03 1.5009e+03 1.5412e+03
  56.2500 1.5027e+03 1.3116e+03 1.7192e+03 1.3127e+03 1.7183e+03 1.4827e+03 1.5224e+03
  56.3750 1.4845e+03 1.2959e+03 1.6981e+03 1.2969e+03 1.6972e+03 1.4648e+03 1.5040e+03
  56.5000 1.4665e+03 1.2804e+03 1.6773e+03 1.2814e+03 1.6764e+03 1.4471e+03 1.4857e+03
  56.6250 1.4488e+03 1.2650e+03 1.6568e+03 1.2660e+03 1.6559e+03 1.4297e+03 1.4677e+03
  56.7500 1.4314e+03 1.2500e+03 1.6366e+03 1.2509e+03 1.6357e+03 1.4125e+03 1.4500e+03
  56.8750 1.4142e+03 1.2351e+03 1.6166e+03 1.2360e+03 1.6158e+03 1.3955e+03 1.4325e+03
  57.0000 1.3972e+03 1.2204e+03 1.5970e+03 1.2213e+03 1.5962e+03 1.3788e+03 1.4153e+03
  57.1250 1.3804e+03 1.2059e+03 1.5776e+03 1.2068e+03 1.5768e+03 1.3623e+03 1.3983e+03
  57.2500 1.3639e+03 1.1916e+03 1.5585e+03 1.1925e+03 1.5577e+03 1.3461e+03 1.3815e+03
  57.3750 1.3476e+03 1.1775e+03 1.5396e+03 1.1784e+03 1.5388e+03 1.3300e+03 1.3649e+03
  57.5000 1.3315e+03 1.1636e+03 1.5210e+03 1.1645e+03 1.5203e+03 1.3142e+03 1.3486e+03
  57.6250 1.3157e+03 1.1499e+03 1.5027e+03 1.1508e+03 1.5019e+03 1.2986e+03 1.3325e+03
  57.7500 1.3001e+03 1.1364e+03 1.4846e+03 1.1372e+03 1.4839e+03 1.2832e+03 1.3167e+03
  57.8750 1.2846e+03 1.1230e+03 1.4668e+03 1.1239e+03 1.4660e+03 1.2680e+03 1.3010e+03
  58.0000 1.2694e+03 1.1098e+03 1.4492e+03 1.1107e+03 1.4485e+03 1.2531e+03 1.2856e+03
  58.1250 1.2544e+03 1.0968e+03 1.4319e+03 1.0977e+03 1.4311e+03 1.2383e+03 1.2703e+03
  58.2500 1.2396e+03 1.0840e+03 1.4148e+03 1.0848e+03 1.4140e+03 1.2237e+03 1.2553e+03
  58.3750 1.2250e+03 1.0714e+03 1.3979e+03 1.0722e+03 1.3972e+03 1.2093e+03 1.2405e+03
  58.5000 1.2106e+03 1.0589e+03 1.3812e+03 1.0597e+03 1.3806e+03 1.1952e+03 1.2259e+03
  58.6250 1.1964e+03 1.0466e+03 1.3648e+03 1.0474e+03 1.3642e+03 1.1812e+03 1.2114e+03
  58.7500 1.1824e+03 1.0344e+03 1.3486e+03 1.0352e+03 1.3480e+03 1.1673e+03 1.1972e+03
  58.8750 1.1685e+03 1.0225e+03 1.3327e+03 1.0232e+03 1.3320e+03 1.1537e+03 1.1832e+03
  59.0000 1.1549e+03 1.0106e+03 1.3169e+03 1.0114e+03 1.3163e+03 1.1403e+03 1.1693e+03
  59.1250 1.1414e+03 9.9897e+02 1.3014e+03 9.9970e+02 1.3007e+03 1.1270e+03 1.1557e+03
  59.2500 1.1282e+03 9.8745e+02 1.2860e+03 9.8817e+02 1.2854e+03 1.1139e+03 1.1422e+03
  59.3750 1.1150e+03 9.7609e+02 1.2709e+03 9.7680e+02 1.2703e+03 1.1010e+03 1.1289e+03
  59.5000 1.1021e+03 9.6487e+02 1.2560e+03 9.6557e+02 1.2554e+03 1.0883e+03 1.1158e+03
  59.6250 1.0893e+03 9.5381e+02 1.2413e+03 9.5450e+02 1.2407e+03 1.0757e+03 1.1028e+03
  59.7500 1.0768e+03 9.4289e+02 1.2267e+03 9.4357e+02 1.2262e+03 1.0633e+03 1.0900e+03
  59.8750 1.0643e+03 9.3212e+02 1.2124e+03 9.3278e+02 1.2118e+03 1.0511e+03 1.0774e+03
  60.0000 1.0521e+03 9.2148e+02 1.1983e+03 9.2214e+02 1.1977e+03 1.0390e+03 1.0650e+03
  60.1250 1.0400e+03 9.1099e+02 1.1843e+03 9.1163e+02 1.1838e+03 1.0271e+03 1.0527e+03
  60.2500 1.0280e+03 9.0063e+02 1.1706e+03 9.0126e+02 1.1700e+03 1.0153e+03 1.0406e+03
  60.3750 1.0162e+03 8.9040e+02 1.1570e+03 8.9103e+02 1.1564e+03 1.0037e+03 1.0286e+03
  60.5000 1.0046e+03 8.8031e+02 1.1436e+03 8.8093e+02 1.1430e+03 9.9223e+02 1.0168e+03
  60.6250 9.9314e+02 8.7036e+02 1.1304e+03 8.7097e+02 1.1298e+03 9.8092e+02 1.0052e+03
  60.7500 9.8182e+02 8.6053e+02 1.1173e+03 8.6113e+02 1.1168e+03 9.6976e+02 9.9371e+02
  60.8750 9.7064e+02 8.5082e+02 1.1044e+03 8.5142e+02 1.1039e+03 9.5875e+02 9.8237e+02
  61.0000 9.5961e+02 8.4125e+02 1.0917e+03 8.4183e+02 1.0912e+03 9.4788e+02 9.7118e+02
  61.1250 9.4872e+02 8.3180e+02 1.0792e+03 8.3237e+02 1.0787e+03 9.3715e+02 9.6014e+02
  61.2500 9.3797e+02 8.2247e+02 1.0668e+03 8.2303e+02 1.0663e+03 9.2655e+02 9.4924e+02
  61.3750 9.2737e+02 8.1326e+02 1.0546e+03 8.1382e+02 1.0541e+03 9.1610e+02 9.3848e+02
  61.5000 9.1689e+02 8.0417e+02 1.0425e+03 8.0472e+02 1.0421e+03 9.0578e+02 9.2787e+02
  61.6250 9.0656e+02 7.9519e+02 1.0307e+03 7.9573e+02 1.0302e+03 8.9559e+02 9.1739e+02
  61.7500 8.9636e+02 7.8633e+02 1.0189e+03 7.8686e+02 1.0185e+03 8.8554e+02 9.0704e+02
  61.8750 8.8629e+02 7.7758e+02 1.0073e+03 7.7811e+02 1.0069e+03 8.7561e+02 8.9683e+02
  62.0000 8.7635e+02 7.6894e+02 9.9590e+02 7.6946e+02 9.9544e+02 8.6581e+02 8.8675e+02
  62.1250 8.6653e+02 7.6041e+02 9.8461e+02 7.6092e+02 9.8416e+02 8.5614e+02 8.7680e+02
  62.2500 8.5685e+02 7.5199e+02 9.7347e+02 7.5250e+02 9.7303e+02 8.4659e+02 8.6698e+02
  62.3750 8.4728e+02 7.4368e+02 9.6247e+02 7.4418e+02 9.6204e+02 8.3716e+02 8.5728e+02
  62.5000 8.3784e+02 7.3547e+02 9.5162e+02 7.3596e+02 9.5119e+02 8.2785e+02 8.4771e+02
  62.6250 8.2852e+02 7.2737e+02 9.4091e+02 7.2785e+02 9.4049e+02 8.1866e+02 8.3826e+02
  62.7500 8.1932e+02 7.1936e+02 9.3033e+02 7.1984e+02 9.2992e+02 8.0958e+02 8.2893e+02
  62.8750 8.1023e+02 7.1146e+02 9.1989e+02 7.1193e+02 9.1948e+02 8.0062e+02 8.1972e+02
  63.0000 8.0126e+02 7.0366e+02 9.0959e+02 7.0412e+02 9.0918e+02 7.9178e+02 8.1062e+02
  63.1250 7.9240e+02 6.9595e+02 8.9942e+02 6.9641e+02 8.9902e+02 7.8304e+02 8.0164e+02
  63.2500 7.8366e+02 6.8834e+02 8.8937e+02 6.8879e+02 8.8898e+02 7.7442e+02 7.9278e+02
  63.3750 7.7502e+02 6.8083e+02 8.7946e+02 6.8127e+02 8.7907e+02 7.6590e+02 7.8402e+02
  63.5000 7.6650e+02 6.7341e+02 8.6967e+02 6.7385e+02 8.6929e+02 7.5750e+02 7.7538e+02
  63.6250 7.5808e+02 6.6608e+02 8.6001e+02 6.6651e+02 8.5963e+02 7.4919e+02 7.6685e+02
  63.7500 7.4976e+02 6.5884e+02 8.5047e+02 6.5927e+02 8.5010e+02 7.4099e+02 7.5842e+02
  63.8750 7.4155e+02 6.5170e+02 8.4105e+02 6.5211e+02 8.4068e+02 7.3290e+02 7.5010e+02
  64.0000 7.3345e+02 6.4464e+02 8.3175e+02 6.4505e+02 8.3139e+02 7.2490e+02 7.4189e+02
  64.1250 7.2544e+02 6.3766e+02 8.2257e+02 6.3807e+02 8.2222e+02 7.1701e+02 7.3378e+02
  64.2500 7.1754e+02 6.3078e+02 8.1351e+02 6.3118e+02 8.1315e+02 7.0921e+02 7.2576e+02
  64.3750 7.0973e+02 6.2398e+02 8.0456e+02 6.2437e+02 8.0421e+02 7.0151e+02 7.1785e+02
  64.5000 7.0202e+02 6.1726e+02 7.9572e+02 6.1765e+02 7.9538e+02 6.9390e+02 7.1004e+02
  64.6250 6.9441e+02 6.1063e+02 7.8699e+02 6.1101e+02 7.8665e+02 6.8639e+02 7.0233e+02
  64.7500 6.8689e+02 6.0407e+02 7.7838e+02 6.0445e+02 7.7804e+02 6.7898e+02 6.9471e+02
  64.8750 6.7946e+02 5.9760e+02 7.6987e+02 5.9797e+02 7.6954e+02 6.7165e+02 6.8718e+02
  65.0000 6.7213e+02 5.9121e+02 7.6146e+02 5.9158e+02 7.6114e+02 6.6441e+02 6.7975e+02
  65.1250 6.6488e+02 5.8489e+02 7.5317e+02 5.8525e+02 7.5285e+02 6.5727e+02 6.7241e+02
  65.2500 6.5773e+02 5.7865e+02 7.4497e+02 5.7901e+02 7.4465e+02 6.5021e+02 6.6516e+02
  65.3750 6.5066e+02 5.7249e+02 7.3688e+02 5.7284e+02 7.3657e+02 6.4324e+02 6.5800e+02
  65.5000 6.4368e+02 5.6640e+02 7.2889e+02 5.6675e+02 7.2858e+02 6.3635e+02 6.5093e+02
  65.6250 6.3679e+02 5.6039e+02 7.2100e+02 5.6073e+02 7.2069e+02 6.2954e+02 6.4395e+02
  65.7500 6.2998e+02 5.5445e+02 7.1320e+02 5.5479e+02 7.1290e+02 6.2283e+02 6.3705e+02
  65.8750 6.2325e+02 5.4858e+02 7.0550e+02 5.4891e+02 7.0521e+02 6.1619e+02 6.3023e+02
  66.0000 6.1661e+02 5.4278e+02 6.9790e+02 5.4311e+02 6.9761e+02 6.0963e+02 6.2350e+02
  66.1250 6.1004e+02 5.3705e+02 6.9039e+02 5.3738e+02 6.9010e+02 6.0315e+02 6.1685e+02
  66.2500 6.0356e+02 5.3139e+02 6.8298e+02 5.3171e+02 6.8269e+02 5.9675e+02 6.1029e+02
  66.3750 5.9715e+02 5.2580e+02 6.7565e+02 5.2612e+02 6.7537e+02 5.9043e+02 6.0380e+02
  66.5000 5.9083e+02 5.2028e+02 6.6842e+02 5.2059e+02 6.6814e+02 5.8419e+02 5.9739e+02
  66.6250 5.8458e+02 5.1482e+02 6.6127e+02 5.1513e+02 6.6100e+02 5.7802e+02 5.9106e+02
  66.7500 5.7840e+02 5.0943e+02 6.5421e+02 5.0973e+02 6.5394e+02 5.7193e+02 5.8480e+02
  66.8750 5.7230e+02 5.0410e+02 6.4724e+02 5.0440e+02 6.4697e+02 5.6590e+02 5.7862e+02
  67.0000 5.6627e+02 4.9883e+02 6.4035e+02 4.9913e+02 6.4009e+02 5.5996e+02 5.7252e+02
  67.1250 5.6032e+02 4.9363e+02 6.3355e+02 4.9393e+02 6.3328e+02 5.5408e+02 5.6649e+02
  67.2500 5.5444e+02 4.8849e+02 6.2682e+02 4.8878e+02 6.2657e+02 5.4827e+02 5.6053e+02
  67.3750 5.4862e+02 4.8341e+02 6.2018e+02 4.8370e+02 6.1993e+02 5.4253e+02 5.5464e+02
  67.5000 5.4288e+02 4.7840e+02 6.1363e+02 4.7868e+02 6.1338e+02 5.3687e+02 5.4883e+02
  67.6250 5.3721e+02 4.7344e+02 6.0715e+02 4.7371e+02 6.0690e+02 5.3126e+02 5.4308e+02
  67.7500 5.3160e+02 4.6854e+02 6.0074e+02 4.6881e+02 6.0050e+02 5.2573e+02 5.3741e+02
  67.8750 5.2606e+02 4.6369e+02 5.9442e+02 4.6396e+02 5.9418e+02 5.2026e+02 5.3180e+02
  68.0000 5.2059e+02 4.5891e+02 5.8817e+02 4.5918e+02 5.8793e+02 5.1486e+02 5.2625e+02
  68.1250 5.1518e+02 4.5418e+02 5.8200e+02 4.5444e+02 5.8176e+02 5.0952e+02 5.2078e+02
  68.2500 5.0983e+02 4.4951e+02 5.7590e+02 4.4977e+02 5.7567e+02 5.0424e+02 5.1537e+02
  68.3750 5.0455e+02 4.4489e+02 5.6987e+02 4.4515e+02 5.6964e+02 4.9903e+02 5.1002e+02
  68.5000 4.9934e+02 4.4032e+02 5.6392e+02 4.4058e+02 5.6369e+02 4.9388e+02 5.0474e+02
  68.6250 4.9418e+02 4.3581e+02 5.5804e+02 4.3606e+02 5.5782e+02 4.8878e+02 4.9952e+02
  68.7500 4.8908e+02 4.3136e+02 5.5223e+02 4.3160e+02 5.5200e+02 4.8375e+02 4.9436e+02
  68.8750 4.8405e+02 4.2695e+02 5.4648e+02 4.2719e+02 5.4626e+02 4.7878e+02 4.8926e+02
  69.0000 4.7907e+02 4.2260e+02 5.4081e+02 4.2284e+02 5.4059e+02 4.7387e+02 4.8422e+02
  69.1250 4.7415e+02 4.1829e+02 5.3520e+02 4.1853e+02 5.3499e+02 4.6901e+02 4.7924e+02
  69.2500 4.6929e+02 4.1404e+02 5.2966e+02 4.1427e+02 5.2945e+02 4.6421e+02 4.7432e+02
  69.3750 4.6449e+02 4.0983e+02 5.2418e+02 4.1006e+02 5.2398e+02 4.5946e+02 4.6946e+02
  69.5000 4.5974e+02 4.0568e+02 5.1877e+02 4.0590e+02 5.1857e+02 4.5478e+02 4.6465e+02
  69.6250 4.5505e+02 4.0157e+02 5.1343e+02 4.0180e+02 5.1322e+02 4.5014e+02 4.5990e+02
  69.7500 4.5041e+02 3.9751e+02 5.0814e+02 3.9773e+02 5.0794e+02 4.4556e+02 4.5521e+02
  69.8750 4.4583e+02 3.9350e+02 5.0292e+02 3.9371e+02 5.0272e+02 4.4104e+02 4.5057e+02
  70.0000 4.4130e+02 3.8953e+02 4.9776e+02 3.8975e+02 4.9757e+02 4.3656e+02 4.4598e+02
  70.1250 4.3682e+02 3.8561e+02 4.9266e+02 3.8582e+02 4.9247e+02 4.3214e+02 4.4145e+02
  70.2500 4.3239e+02 3.8173e+02 4.8762e+02 3.8194e+02 4.8743e+02 4.2777e+02 4.3697e+02
  70.3750 4.2802e+02 3.7790e+02 4.8264e+02 3.7811e+02 4.8245e+02 4.2345e+02 4.3254e+02
  70.5000 4.2369e+02 3.7411e+02 4.7772e+02 3.7432e+02 4.7753e+02 4.1918e+02 4.2817e+02
  70.6250 4.1942e+02 3.7037e+02 4.7285e+02 3.7057e+02 4.7267e+02 4.1495e+02 4.2384e+02
  70.7500 4.1519e+02 3.6666e+02 4.6804e+02 3.6687e+02 4.6786e+02 4.1078e+02 4.1956e+02
  70.8750 4.1102e+02 3.6300e+02 4.6329e+02 3.6320e+02 4.6311e+02 4.0665e+02 4.1534e+02
  71.0000 4.0689e+02 3.5939e+02 4.5859e+02 3.5958e+02 4.5841e+02 4.0258e+02 4.1116e+02
  71.1250 4.0281e+02 3.5581e+02 4.5395e+02 3.5600e+02 4.5377e+02 3.9855e+02 4.0703e+02
  71.2500 3.9877e+02 3.5227e+02 4.4936e+02 3.5246e+02 4.4918e+02 3.9456e+02 4.0294e+02
  71.3750 3.9479e+02 3.4878e+02 4.4482e+02 3.4896e+02 4.4465e+02 3.9062e+02 3.9891e+02
  71.5000 3.9084e+02 3.4532e+02 4.4033e+02 3.4551e+02 4.4017e+02 3.8673e+02 3.9492e+02
  71.6250 3.8694e+02 3.4190e+02 4.3590e+02 3.4209e+02 4.3573e+02 3.8287e+02 3.9098e+02
  71.7500 3.8309e+02 3.3852e+02 4.3152e+02 3.3870e+02 4.3135e+02 3.7907e+02 3.8708e+02
  71.8750 3.7928e+02 3.3518e+02 4.2719e+02 3.3536e+02 4.2702e+02 3.7530e+02 3.8322e+02
  72.0000 3.7551e+02 3.3188e+02 4.2290e+02 3.3206e+02 4.2274e+02 3.7158e+02 3.7941e+02
  72.1250 3.7179e+02 3.2861e+02 4.1867e+02 3.2879e+02 4.1851e+02 3.6790e+02 3.7564e+02
  72.2500 3.6811e+02 3.2538e+02 4.1448e+02 3.2556e+02 4.1433e+02 3.6426e+02 3.7192e+02
  72.3750 3.6447e+02 3.2219e+02 4.1035e+02 3.2236e+02 4.1019e+02 3.6067e+02 3.6823e+02
  72.5000 3.6087e+02 3.1903e+02 4.0626e+02 3.1920e+02 4.0610e+02 3.5711e+02 3.6459e+02
  72.6250 3.5731e+02 3.1591e+02 4.0221e+02 3.1608e+02 4.0206e+02 3.5360e+02 3.6099e+02
  72.7500 3.5379e+02 3.1282e+02 3.9822e+02 3.1299e+02 3.9807e+02 3.5012e+02 3.5743e+02
  72.8750 3.5031e+02 3.0977e+02 3.9426e+02 3.0993e+02 3.9412e+02 3.4668e+02 3.5391e+02
  73.0000 3.4687e+02 3.0675e+02 3.9035e+02 3.0691e+02 3.9021e+02 3.4328e+02 3.5043e+02
  73.1250 3.4347e+02 3.0377e+02 3.8649e+02 3.0393e+02 3.8635e+02 3.3992e+02 3.4699e+02
  73.2500 3.4011e+02 3.0081e+02 3.8267e+02 3.0097e+02 3.8253e+02 3.3660e+02 3.4359e+02
  73.3750 3.3678e+02 2.9790e+02 3.7889e+02 2.9805e+02 3.7875e+02 3.3331e+02 3.4022e+02
  73.5000 3.3349e+02 2.9501e+02 3.7516e+02 2.9516e+02 3.7502e+02 3.3006e+02 3.3689e+02
  73.6250 3.3024e+02 2.9215e+02 3.7147e+02 2.9231e+02 3.7133e+02 3.2685e+02 3.3361e+02
  73.7500 3.2702e+02 2.8933e+02 3.6781e+02 2.8948e+02 3.6768e+02 3.2367e+02 3.3035e+02
  73.8750 3.2385e+02 2.8654e+02 3.6420e+02 2.8669e+02 3.6407e+02 3.2052e+02 3.2713e+02
  74.0000 3.2070e+02 2.8378e+02 3.6063e+02 2.8392e+02 3.6050e+02 3.1742e+02 3.2395e+02
  74.1250 3.1759e+02 2.8104e+02 3.5710e+02 2.8119e+02 3.5697e+02 3.1434e+02 3.2081e+02
  74.2500 3.1451e+02 2.7834e+02 3.5361e+02 2.7849e+02 3.5348e+02 3.1130e+02 3.1769e+02
  74.3750 3.1147e+02 2.7567e+02 3.5016e+02 2.7581e+02 3.5003e+02 3.0830e+02 3.1462e+02
  74.5000 3.0846e+02 2.7303e+02 3.4675e+02 2.7317e+02 3.4662e+02 3.0532e+02 3.1157e+02
  74.6250 3.0549e+02 2.7042e+02 3.4337e+02 2.7055e+02 3.4324e+02 3.0238e+02 3.0856e+02
  74.7500 3.0254e+02 2.6783e+02 3.4003e+02 2.6797e+02 3.3991e+02 2.9947e+02 3.0559e+02
  74.8750 2.9963e+02 2.6527e+02 3.3673e+02 2.6541e+02 3.3661e+02 2.9660e+02 3.0264e+02
  75.0000 2.9675e+02 2.6274e+02 3.3346e+02 2.6288e+02 3.3334e+02 2.9375e+02 2.9973e+02
  75.1250 2.9391e+02 2.6024e+02 3.3023e+02 2.6037e+02 3.3012e+02 2.9094e+02 2.9685e+02
  75.2500 2.9109e+02 2.5777e+02 3.2704e+02 2.5790e+02 3.2692e+02 2.8815e+02 2.9401e+02
  75.3750 2.8831e+02 2.5532e+02 3.2388e+02 2.5545e+02 3.2376e+02 2.8540e+02 2.9119e+02
  75.5000 2.8555e+02 2.5290e+02 3.2076e+02 2.5303e+02 3.2064e+02 2.8268e+02 2.8840e+02
  75.6250 2.8283e+02 2.5051e+02 3.1767e+02 2.5063e+02 3.1755e+02 2.7998e+02 2.8565e+02
  75.7500 2.8013e+02 2.4814e+02 3.1461e+02 2.4826e+02 3.1450e+02 2.7732e+02 2.8292e+02
  75.8750 2.7746e+02 2.4579e+02 3.1159e+02 2.4592e+02 3.1148e+02 2.7468e+02 2.8023e+02
  76.0000 2.7483e+02 2.4347e+02 3.0860e+02 2.4360e+02 3.0849e+02 2.7207e+02 2.7756e+02
  76.1250 2.7222e+02 2.4118e+02 3.0564e+02 2.4130e+02 3.0554e+02 2.6950e+02 2.7492e+02
  76.2500 2.6964e+02 2.3891e+02 3.0272e+02 2.3903e+02 3.0261e+02 2.6694e+02 2.7231e+02
  76.3750 2.6709e+02 2.3667e+02 2.9983e+02 2.3678e+02 2.9972e+02 2.6442e+02 2.6973e+02
  76.5000 2.6456e+02 2.3445e+02 2.9697e+02 2.3456e+02 2.9686e+02 2.6192e+02 2.6718e+02
  76.6250 2.6206e+02 2.3225e+02 2.9414e+02 2.3237e+02 2.9403e+02 2.5945e+02 2.6465e+02
  76.7500 2.5959e+02 2.3008e+02 2.9134e+02 2.3019e+02 2.9124e+02 2.5701e+02 2.6215e+02
  76.8750 2.5715e+02 2.2793e+02 2.8857e+02 2.2804e+02 2.8847e+02 2.5459e+02 2.5968e+02
  77.0000 2.5473e+02 2.2580e+02 2.8583e+02 2.2591e+02 2.8573e+02 2.5220e+02 2.5724e+02
  77.1250 2.5234e+02 2.2370e+02 2.8312e+02 2.2381e+02 2.8302e+02 2.4984e+02 2.5482e+02
  77.2500 2.4997e+02 2.2161e+02 2.8045e+02 2.2172e+02 2.8035e+02 2.4750e+02 2.5243e+02
  77.3750 2.4763e+02 2.1955e+02 2.7780e+02 2.1966e+02 2.7770e+02 2.4518e+02 2.5006e+02
  77.5000 2.4531e+02 2.1752e+02 2.7517e+02 2.1762e+02 2.7508e+02 2.4289e+02 2.4772e+02
  77.6250 2.4302e+02 2.1550e+02 2.7258e+02 2.1560e+02 2.7249e+02 2.4063e+02 2.4540e+02
  77.7500 2.4076e+02 2.1350e+02 2.7002e+02 2.1361e+02 2.6992e+02 2.3839e+02 2.4311e+02
  77.8750 2.3851e+02 2.1153e+02 2.6748e+02 2.1163e+02 2.6738e+02 2.3617e+02 2.4084e+02
  78.0000 2.3629e+02 2.0958e+02 2.6497e+02 2.0968e+02 2.6487e+02 2.3397e+02 2.3860e+02
  78.1250 2.3410e+02 2.0764e+02 2.6248e+02 2.0774e+02 2.6239e+02 2.3180e+02 2.3638e+02
  78.2500 2.3193e+02 2.0573e+02 2.6003e+02 2.0583e+02 2.5994e+02 2.2965e+02 2.3418e+02
  78.3750 2.2978e+02 2.0384e+02 2.5759e+02 2.0393e+02 2.5750e+02 2.2753e+02 2.3201e+02
  78.5000 2.2765e+02 2.0196e+02 2.5519e+02 2.0206e+02 2.5510e+02 2.2543e+02 2.2986e+02
  78.6250 2.2555e+02 2.0011e+02 2.5281e+02 2.0021e+02 2.5272e+02 2.2334e+02 2.2773e+02
  78.7500 2.2346e+02 1.9828e+02 2.5046e+02 1.9837e+02 2.5037e+02 2.2128e+02 2.2563e+02
  78.8750 2.2140e+02 1.9646e+02 2.4813e+02 1.9655e+02 2.4804e+02 2.1925e+02 2.2354e+02
  79.0000 2.1937e+02 1.9466e+02 2.4582e+02 1.9476e+02 2.4574e+02 2.1723e+02 2.2148e+02
  79.1250 2.1735e+02 1.9289e+02 2.4354e+02 1.9298e+02 2.4346e+02 2.1524e+02 2.1944e+02
  79.2500 2.1535e+02 1.9113e+02 2.4129e+02 1.9122e+02 2.4121e+02 2.1326e+02 2.1743e+02
  79.3750 2.1338e+02 1.8939e+02 2.3906e+02 1.8948e+02 2.3897e+02 2.1131e+02 2.1543e+02
  79.5000 2.1142e+02 1.8767e+02 2.3685e+02 1.8775e+02 2.3677e+02 2.0938e+02 2.1346e+02
  79.6250 2.0949e+02 1.8596e+02 2.3466e+02 1.8605e+02 2.3458e+02 2.0746e+02 2.1150e+02
  79.7500 2.0758e+02 1.8427e+02 2.3250e+02 1.8436e+02 2.3242e+02 2.0557e+02 2.0957e+02
  79.8750 2.0568e+02 1.8260e+02 2.3036e+02 1.8269e+02 2.3028e+02 2.0370e+02 2.0765e+02
  80.0000 2.0381e+02 1.8095e+02 2.2824e+02 1.8104e+02 2.2817e+02 2.0184e+02 2.0576e+02
  80.1250 2.0195e+02 1.7932e+02 2.2615e+02 1.7940e+02 2.2607e+02 2.0001e+02 2.0388e+02
  80.2500 2.0012e+02 1.7770e+02 2.2408e+02 1.7778e+02 2.2400e+02 1.9819e+02 2.0203e+02
  80.3750 1.9830e+02 1.7610e+02 2.2203e+02 1.7618e+02 2.2195e+02 1.9640e+02 2.0019e+02
  80.5000 1.9650e+02 1.7451e+02 2.2000e+02 1.7459e+02 2.1992e+02 1.9462e+02 1.9838e+02
  80.6250 1.9472e+02 1.7294e+02 2.1799e+02 1.7302e+02 2.1791e+02 1.9286e+02 1.9658e+02
  80.7500 1.9296e+02 1.7139e+02 2.1600e+02 1.7147e+02 2.1593e+02 1.9112e+02 1.9480e+02
  80.8750 1.9122e+02 1.6985e+02 2.1403e+02 1.6993e+02 2.1396e+02 1.8939e+02 1.9304e+02
  81.0000 1.8950e+02 1.6833e+02 2.1209e+02 1.6841e+02 2.1202e+02 1.8769e+02 1.9129e+02
  81.1250 1.8779e+02 1.6682e+02 2.1016e+02 1.6690e+02 2.1009e+02 1.8600e+02 1.8957e+02
  81.2500 1.8610e+02 1.6533e+02 2.0826e+02 1.6541e+02 2.0819e+02 1.8432e+02 1.8786e+02
  81.3750 1.8443e+02 1.6386e+02 2.0637e+02 1.6393e+02 2.0630e+02 1.8267e+02 1.8617e+02
  81.5000 1.8277e+02 1.6240e+02 2.0450e+02 1.6247e+02 2.0443e+02 1.8103e+02 1.8450e+02
  81.6250 1.8113e+02 1.6095e+02 2.0265e+02 1.6102e+02 2.0259e+02 1.7941e+02 1.8284e+02
  81.7500 1.7951e+02 1.5952e+02 2.0083e+02 1.5959e+02 2.0076e+02 1.7781e+02 1.8121e+02
  81.8750 1.7791e+02 1.5810e+02 1.9902e+02 1.5818e+02 1.9895e+02 1.7622e+02 1.7958e+02
  82.0000 1.7632e+02 1.5670e+02 1.9722e+02 1.5677e+02 1.9716e+02 1.7465e+02 1.7798e+02
  82.1250 1.7475e+02 1.5531e+02 1.9545e+02 1.5538e+02 1.9539e+02 1.7309e+02 1.7639e+02
  82.2500 1.7319e+02 1.5394e+02 1.9370e+02 1.5401e+02 1.9363e+02 1.7155e+02 1.7482e+02
  82.3750 1.7165e+02 1.5258e+02 1.9196e+02 1.5265e+02 1.9190e+02 1.7003e+02 1.7326e+02
  82.5000 1.7012e+02 1.5123e+02 1.9024e+02 1.5130e+02 1.9018e+02 1.6852e+02 1.7172e+02
  82.6250 1.6862e+02 1.4990e+02 1.8854e+02 1.4997e+02 1.8848e+02 1.6703e+02 1.7019e+02
  82.7500 1.6712e+02 1.4858e+02 1.8685e+02 1.4865e+02 1.8679e+02 1.6555e+02 1.6868e+02
  82.8750 1.6564e+02 1.4727e+02 1.8519e+02 1.4734e+02 1.8513e+02 1.6408e+02 1.6719e+02
  83.0000 1.6418e+02 1.4598e+02 1.8354e+02 1.4604e+02 1.8348e+02 1.6263e+02 1.6571e+02
  83.1250 1.6273e+02 1.4470e+02 1.8191e+02 1.4476e+02 1.8184e+02 1.6120e+02 1.6425e+02
  83.2500 1.6129e+02 1.4343e+02 1.8029e+02 1.4349e+02 1.8023e+02 1.5978e+02 1.6279e+02
  83.3750 1.5987e+02 1.4217e+02 1.7869e+02 1.4224e+02 1.7863e+02 1.5838e+02 1.6136e+02
  83.5000 1.5847e+02 1.4093e+02 1.7710e+02 1.4100e+02 1.7705e+02 1.5698e+02 1.5994e+02
  83.6250 1.5707e+02 1.3970e+02 1.7554e+02 1.3976e+02 1.7548e+02 1.5560e+02 1.5853e+02
  83.7500 1.5569e+02 1.3848e+02 1.7398e+02 1.3854e+02 1.7393e+02 1.5424e+02 1.5714e+02
  83.8750 1.5433e+02 1.3728e+02 1.7245e+02 1.3734e+02 1.7239e+02 1.5289e+02 1.5576e+02
  84.0000 1.5298e+02 1.3608e+02 1.7093e+02 1.3614e+02 1.7087e+02 1.5155e+02 1.5440e+02
  84.1250 1.5164e+02 1.3490e+02 1.6942e+02 1.3496e+02 1.6937e+02 1.5023e+02 1.5304e+02
  84.2500 1.5032e+02 1.3373e+02 1.6793e+02 1.3379e+02 1.6788e+02 1.4892e+02 1.5171e+02
  84.3750 1.4901e+02 1.3257e+02 1.6645e+02 1.3263e+02 1.6640e+02 1.4762e+02 1.5038e+02
  84.5000 1.4771e+02 1.3142e+02 1.6499e+02 1.3148e+02 1.6494e+02 1.4634e+02 1.4907e+02
  84.6250 1.4642e+02 1.3029e+02 1.6355e+02 1.3034e+02 1.6349e+02 1.4507e+02 1.4777e+02
  84.7500 1.4515e+02 1.2916e+02 1.6211e+02 1.2922e+02 1.6206e+02 1.4381e+02 1.4649e+02
  84.8750 1.4389e+02 1.2805e+02 1.6070e+02 1.2810e+02 1.6064e+02 1.4256e+02 1.4522e+02
  85.0000 1.4264e+02 1.2695e+02 1.5929e+02 1.2700e+02 1.5924e+02 1.4132e+02 1.4396e+02
  85.1250 1.4141e+02 1.2585e+02 1.5790e+02 1.2591e+02 1.5785e+02 1.4010e+02 1.4271e+02
  85.2500 1.4019e+02 1.2477e+02 1.5653e+02 1.2483e+02 1.5648e+02 1.3889e+02 1.4147e+02
  85.3750 1.3897e+02 1.2370e+02 1.5517e+02 1.2375e+02 1.5512e+02 1.3769e+02 1.4025e+02
  85.5000 1.3778e+02 1.2264e+02 1.5382e+02 1.2269e+02 1.5377e+02 1.3651e+02 1.3904e+02
  85.6250 1.3659e+02 1.2159e+02 1.5248e+02 1.2164e+02 1.5243e+02 1.3533e+02 1.3784e+02
  85.7500 1.3541e+02 1.2055e+02 1.5116e+02 1.2060e+02 1.5111e+02 1.3417e+02 1.3665e+02
  85.8750 1.3425e+02 1.1952e+02 1.4985e+02 1.1957e+02 1.4980e+02 1.3302e+02 1.3547e+02
  86.0000 1.3310e+02 1.1850e+02 1.4855e+02 1.1855e+02 1.4851e+02 1.3188e+02 1.3431e+02
  86.1250 1.3195e+02 1.1749e+02 1.4727e+02 1.1754e+02 1.4722e+02 1.3075e+02 1.3316e+02
  86.2500 1.3082e+02 1.1649e+02 1.4600e+02 1.1654e+02 1.4595e+02 1.2963e+02 1.3202e+02
  86.3750 1.2970e+02 1.1550e+02 1.4474e+02 1.1555e+02 1.4469e+02 1.2852e+02 1.3088e+02
  86.5000 1.2860e+02 1.1452e+02 1.4350e+02 1.1457e+02 1.4345e+02 1.2742e+02 1.2977e+02
  86.6250 1.2750e+02 1.1355e+02 1.4226e+02 1.1359e+02 1.4222e+02 1.2633e+02 1.2866e+02
  86.7500 1.2641e+02 1.1258e+02 1.4104e+02 1.1263e+02 1.4100e+02 1.2526e+02 1.2756e+02
  86.8750 1.2533e+02 1.1163e+02 1.3983e+02 1.1168e+02 1.3979e+02 1.2419e+02 1.2647e+02
  87.0000 1.2427e+02 1.1069e+02 1.3863e+02 1.1073e+02 1.3859e+02 1.2314e+02 1.2539e+02
  87.1250 1.2321e+02 1.0975e+02 1.3745e+02 1.0980e+02 1.3740e+02 1.2209e+02 1.2433e+02
  87.2500 1.2217e+02 1.0883e+02 1.3627e+02 1.0887e+02 1.3623e+02 1.2106e+02 1.2327e+02
  87.3750 1.2113e+02 1.0791e+02 1.3511e+02 1.0795e+02 1.3506e+02 1.2003e+02 1.2223e+02
  87.5000 1.2011e+02 1.0700e+02 1.3396e+02 1.0705e+02 1.3391e+02 1.1902e+02 1.2119e+02
  87.6250 1.1909e+02 1.0610e+02 1.3282e+02 1.0615e+02 1.3277e+02 1.1801e+02 1.2017e+02
  87.7500 1.1808e+02 1.0521e+02 1.3168e+02 1.0525e+02 1.3164e+02 1.1702e+02 1.1915e+02
  87.8750 1.1709e+02 1.0433e+02 1.3057e+02 1.0437e+02 1.3053e+02 1.1603e+02 1.1814e+02
  88.0000 1.1610e+02 1.0345e+02 1.2946e+02 1.0350e+02 1.2942e+02 1.1505e+02 1.1715e+02
  88.1250 1.1512e+02 1.0259e+02 1.2836e+02 1.0263e+02 1.2832e+02 1.1408e+02 1.1616e+02
  88.2500 1.1416e+02 1.0173e+02 1.2727e+02 1.0177e+02 1.2723e+02 1.1313e+02 1.1518e+02
  88.3750 1.1320e+02 1.0088e+02 1.2620e+02 1.0092e+02 1.2616e+02 1.1218e+02 1.1421e+02
  88.5000 1.1225e+02 1.0004e+02 1.2513e+02 1.0008e+02 1.2509e+02 1.1124e+02 1.1325e+02
  88.6250 1.1131e+02 9.9207e+01 1.2408e+02 9.9249e+01 1.2404e+02 1.1031e+02 1.1231e+02
  88.7500 1.1038e+02 9.8382e+01 1.2303e+02 9.8423e+01 1.2299e+02 1.0938e+02 1.1136e+02
  88.8750 1.0945e+02 9.7564e+01 1.2199e+02 9.7605e+01 1.2195e+02 1.0847e+02 1.1043e+02
  89.0000 1.0854e+02 9.6754e+01 1.2097e+02 9.6794e+01 1.2093e+02 1.0756e+02 1.0951e+02
  89.1250 1.0763e+02 9.5952e+01 1.1995e+02 9.5992e+01 1.1991e+02 1.0667e+02 1.0860e+02
  89.2500 1.0674e+02 9.5157e+01 1.1895e+02 9.5197e+01 1.1891e+02 1.0578e+02 1.0769e+02
  89.3750 1.0585e+02 9.4370e+01 1.1795e+02 9.4409e+01 1.1791e+02 1.0490e+02 1.0679e+02
  89.5000 1.0497e+02 9.3590e+01 1.1696e+02 9.3629e+01 1.1692e+02 1.0403e+02 1.0591e+02
  89.6250 1.0410e+02 9.2818e+01 1.1598e+02 9.2856e+01 1.1595e+02 1.0317e+02 1.0503e+02
  89.7500 1.0323e+02 9.2052e+01 1.1501e+02 9.2090e+01 1.1498e+02 1.0231e+02 1.0415e+02
  89.8750 1.0238e+02 9.1294e+01 1.1405e+02 9.1332e+01 1.1402e+02 1.0146e+02 1.0329e+02
  90.0000 1.0153e+02 9.0543e+01 1.1310e+02 9.0580e+01 1.1307e+02 1.0062e+02 1.0243e+02
  90.1250 1.0069e+02 8.9799e+01 1.1216e+02 8.9836e+01 1.1213e+02 9.9794e+01 1.0159e+02
  90.2500 9.9860e+01 8.9062e+01 1.1123e+02 8.9099e+01 1.1119e+02 9.8971e+01 1.0075e+02
  90.3750 9.9037e+01 8.8332e+01 1.1031e+02 8.8368e+01 1.1027e+02 9.8156e+01 9.9915e+01
  90.5000 9.8221e+01 8.7608e+01 1.0939e+02 8.7644e+01 1.0936e+02 9.7347e+01 9.9091e+01
  90.6250 9.7412e+01 8.6891e+01 1.0848e+02 8.6927e+01 1.0845e+02 9.6547e+01 9.8275e+01
  90.7500 9.6612e+01 8.6181e+01 1.0759e+02 8.6216e+01 1.0755e+02 9.5754e+01 9.7466e+01
  90.8750 9.5818e+01 8.5478e+01 1.0670e+02 8.5513e+01 1.0666e+02 9.4968e+01 9.6665e+01
  91.0000 9.5032e+01 8.4781e+01 1.0582e+02 8.4815e+01 1.0578e+02 9.4190e+01 9.5872e+01
  91.1250 9.4254e+01 8.4090e+01 1.0494e+02 8.4124e+01 1.0491e+02 9.3419e+01 9.5086e+01
  91.2500 9.3482e+01 8.3406e+01 1.0408e+02 8.3440e+01 1.0405e+02 9.2655e+01 9.4307e+01
  91.3750 9.2718e+01 8.2728e+01 1.0322e+02 8.2762e+01 1.0319e+02 9.1898e+01 9.3535e+01
  91.5000 9.1961e+01 8.2056e+01 1.0237e+02 8.2090e+01 1.0234e+02 9.1148e+01 9.2771e+01
  91.6250 9.1210e+01 8.1391e+01 1.0153e+02 8.1424e+01 1.0150e+02 9.0405e+01 9.2013e+01
  91.7500 9.0467e+01 8.0732e+01 1.0070e+02 8.0764e+01 1.0067e+02 8.9669e+01 9.1263e+01
  91.8750 8.9731e+01 8.0078e+01 9.9872e+01 8.0111e+01 9.9841e+01 8.8940e+01 9.0519e+01
  92.0000 8.9001e+01 7.9431e+01 9.9054e+01 7.9463e+01 9.9024e+01 8.8217e+01 8.9783e+01
  92.1250 8.8278e+01 7.8790e+01 9.8244e+01 7.8821e+01 9.8214e+01 8.7501e+01 8.9053e+01
  92.2500 8.7562e+01 7.8154e+01 9.7441e+01 7.8186e+01 9.7411e+01 8.6792e+01 8.8330e+01
  92.3750 8.6852e+01 7.7524e+01 9.6646e+01 7.7556e+01 9.6616e+01 8.6089e+01 8.7613e+01
  92.5000 8.6149e+01 7.6900e+01 9.5858e+01 7.6931e+01 9.5828e+01 8.5392e+01 8.6903e+01
  92.6250 8.5452e+01 7.6282e+01 9.5077e+01 7.6313e+01 9.5048e+01 8.4702e+01 8.6200e+01
  92.7500 8.4761e+01 7.5669e+01 9.4303e+01 7.5700e+01 9.4274e+01 8.4019e+01 8.5503e+01
  92.8750 8.4077e+01 7.5062e+01 9.3537e+01 7.5093e+01 9.3508e+01 8.3341e+01 8.4812e+01
  93.0000 8.3400e+01 7.4461e+01 9.2777e+01 7.4491e+01 9.2749e+01 8.2670e+01 8.4128e+01
  93.1250 8.2728e+01 7.3865e+01 9.2025e+01 7.3894e+01 9.1997e+01 8.2004e+01 8.3450e+01
  93.2500 8.2062e+01 7.3274e+01 9.1279e+01 7.3303e+01 9.1251e+01 8.1345e+01 8.2778e+01
  93.3750 8.1403e+01 7.2689e+01 9.0541e+01 7.2718e+01 9.0513e+01 8.0692e+01 8.2112e+01
  93.5000 8.0749e+01 7.2109e+01 8.9809e+01 7.2138e+01 8.9781e+01 8.0045e+01 8.1453e+01
  93.6250 8.0102e+01 7.1534e+01 8.9083e+01 7.1562e+01 8.9056e+01 7.9403e+01 8.0799e+01
  93.7500 7.9460e+01 7.0964e+01 8.8365e+01 7.0993e+01 8.8338e+01 7.8768e+01 8.0151e+01
  93.8750 7.8825e+01 7.0400e+01 8.7653e+01 7.0428e+01 8.7626e+01 7.8138e+01 7.9510e+01
  94.0000 7.8195e+01 6.9841e+01 8.6948e+01 6.9868e+01 8.6921e+01 7.7514e+01 7.8874e+01
  94.1250 7.7570e+01 6.9286e+01 8.6249e+01 6.9314e+01 8.6223e+01 7.6896e+01 7.8243e+01
  94.2500 7.6952e+01 6.8737e+01 8.5556e+01 6.8764e+01 8.5530e+01 7.6283e+01 7.7619e+01
  94.3750 7.6339e+01 6.8193e+01 8.4870e+01 6.8220e+01 8.4844e+01 7.5676e+01 7.7000e+01
  94.5000 7.5731e+01 6.7653e+01 8.4190e+01 6.7680e+01 8.4165e+01 7.5074e+01 7.6387e+01
  94.6250 7.5129e+01 6.7119e+01 8.3516e+01 6.7145e+01 8.3491e+01 7.4478e+01 7.5779e+01
  94.7500 7.4533e+01 6.6589e+01 8.2849e+01 6.6615e+01 8.2824e+01 7.3887e+01 7.5177e+01
  94.8750 7.3942e+01 6.6064e+01 8.2187e+01 6.6090e+01 8.2162e+01 7.3302e+01 7.4581e+01
  95.0000 7.3356e+01 6.5543e+01 8.1532e+01 6.5569e+01 8.1507e+01 7.2721e+01 7.3989e+01
  95.1250 7.2775e+01 6.5028e+01 8.0882e+01 6.5053e+01 8.0858e+01 7.2146e+01 7.3403e+01
  95.2500 7.2200e+01 6.4516e+01 8.0238e+01 6.4542e+01 8.0214e+01 7.1576e+01 7.2823e+01
  95.3750 7.1630e+01 6.4010e+01 7.9600e+01 6.4035e+01 7.9576e+01 7.1011e+01 7.2247e+01
  95.5000 7.1065e+01 6.3508e+01 7.8968e+01 6.3533e+01 7.8944e+01 7.0452e+01 7.1677e+01
  95.6250 7.0505e+01 6.3010e+01 7.8342e+01 6.3035e+01 7.8318e+01 6.9897e+01 7.1112e+01
  95.7500 6.9950e+01 6.2517e+01 7.7721e+01 6.2541e+01 7.7698e+01 6.9347e+01 7.0551e+01
  95.8750 6.9400e+01 6.2028e+01 7.7106e+01 6.2052e+01 7.7082e+01 6.8802e+01 6.9996e+01
  96.0000 6.8854e+01 6.1544e+01 7.6496e+01 6.1568e+01 7.6473e+01 6.8262e+01 6.9446e+01
  96.1250 6.8314e+01 6.1063e+01 7.5892e+01 6.1087e+01 7.5869e+01 6.7727e+01 6.8901e+01
  96.2500 6.7779e+01 6.0588e+01 7.5293e+01 6.0611e+01 7.5270e+01 6.7196e+01 6.8360e+01
  96.3750 6.7248e+01 6.0116e+01 7.4700e+01 6.0139e+01 7.4677e+01 6.6671e+01 6.7825e+01
  96.5000 6.6722e+01 5.9648e+01 7.4111e+01 5.9672e+01 7.4089e+01 6.6150e+01 6.7294e+01
  96.6250 6.6201e+01 5.9185e+01 7.3529e+01 5.9208e+01 7.3507e+01 6.5633e+01 6.6768e+01
  96.7500 6.5684e+01 5.8726e+01 7.2951e+01 5.8748e+01 7.2929e+01 6.5121e+01 6.6246e+01
  96.8750 6.5172e+01 5.8270e+01 7.2379e+01 5.8293e+01 7.2357e+01 6.4614e+01 6.5729e+01
  97.0000 6.4664e+01 5.7819e+01 7.1811e+01 5.7841e+01 7.1790e+01 6.4111e+01 6.5217e+01
  97.1250 6.4161e+01 5.7372e+01 7.1249e+01 5.7394e+01 7.1228e+01 6.3613e+01 6.4709e+01
  97.2500 6.3663e+01 5.6928e+01 7.0692e+01 5.6950e+01 7.0671e+01 6.3119e+01 6.4206e+01
  97.3750 6.3168e+01 5.6489e+01 7.0139e+01 5.6510e+01 7.0118e+01 6.2629e+01 6.3707e+01
  97.5000 6.2678e+01 5.6053e+01 6.9592e+01 5.6075e+01 6.9571e+01 6.2144e+01 6.3213e+01
  97.6250 6.2193e+01 5.5621e+01 6.9049e+01 5.5642e+01 6.9029e+01 6.1662e+01 6.2723e+01
  97.7500 6.1712e+01 5.5193e+01 6.8511e+01 5.5214e+01 6.8491e+01 6.1185e+01 6.2237e+01
  97.8750 6.1234e+01 5.4769e+01 6.7978e+01 5.4790e+01 6.7958e+01 6.0713e+01 6.1756e+01
  98.0000 6.0761e+01 5.4348e+01 6.7450e+01 5.4369e+01 6.7430e+01 6.0244e+01 6.1278e+01
  98.1250 6.0293e+01 5.3931e+01 6.6926e+01 5.3952e+01 6.6907e+01 5.9780e+01 6.0805e+01
  98.2500 5.9828e+01 5.3517e+01 6.6407e+01 5.3538e+01 6.6388e+01 5.9319e+01 6.0336e+01
  98.3750 5.9367e+01 5.3108e+01 6.5893e+01 5.3128e+01 6.5873e+01 5.8863e+01 5.9872e+01
  98.5000 5.8911e+01 5.2701e+01 6.5383e+01 5.2722e+01 6.5364e+01 5.8411e+01 5.9411e+01
  98.6250 5.8458e+01 5.2298e+01 6.4878e+01 5.2318e+01 6.4858e+01 5.7962e+01 5.8954e+01
  98.7500 5.8010e+01 5.1896e+01 6.4377e+01 5.1916e+01 6.4358e+01 5.7518e+01 5.8501e+01
  98.8750 5.7565e+01 5.1498e+01 6.3880e+01 5.1518e+01 6.3861e+01 5.7077e+01 5.8053e+01
  99.0000 5.7124e+01 5.1104e+01 6.3388e+01 5.1123e+01 6.3369e+01 5.6640e+01 5.7608e+01
  99.1250 5.6687e+01 5.0713e+01 6.2900e+01 5.0732e+01 6.2881e+01 5.6207e+01 5.7167e+01
  99.2500 5.6254e+01 5.0325e+01 6.2416e+01 5.0344e+01 6.2398e+01 5.5778e+01 5.6730e+01
  99.3750 5.5824e+01 4.9941e+01 6.1937e+01 4.9960e+01 6.1918e+01 5.5352e+01 5.6296e+01
  99.5000 5.5399e+01 4.9560e+01 6.1461e+01 4.9579e+01 6.1443e+01 5.4931e+01 5.5867e+01
  99.6250 5.4977e+01 4.9182e+01 6.0990e+01 4.9201e+01 6.0972e+01 5.4512e+01 5.5441e+01
  99.7500 5.4558e+01 4.8808e+01 6.0523e+01 4.8826e+01 6.0505e+01 5.4098e+01 5.5018e+01
  99.8750 5.4143e+01 4.8437e+01 6.0060e+01 4.8455e+01 6.0042e+01 5.3687e+01 5.4600e+01
 100.0000 5.3732e+01 4.8068e+01 5.9601e+01 4.8087e+01 5.9584e+01 5.3279e+01 5.4185e+01
 100.1250 5.3324e+01 4.7704e+01 5.9146e+01 4.7722e+01 5.9129e+01 5.2875e+01 5.3773e+01
 100.2500 5.2920e+01 4.7342e+01 5.8695e+01 4.7360e+01 5.8678e+01 5.2475e+01 5.3366e+01
 100.3750 5.2519e+01 4.6983e+01 5.8248e+01 4.7001e+01 5.8231e+01 5.2078e+01 5.2961e+01
 100.5000 5.2122e+01 4.6628e+01 5.7805e+01 4.6645e+01 5.7788e+01 5.1684e+01 5.2560e+01
 100.6250 5.1728e+01 4.6275e+01 5.7365e+01 4.6293e+01 5.7349e+01 5.1294e+01 5.2163e+01
 100.7500 5.1338e+01 4.5926e+01 5.6930e+01 4.5943e+01 5.6913e+01 5.0907e+01 5.1769e+01
 100.8750 5.0951e+01 4.5580e+01 5.6498e+01 4.5597e+01 5.6481e+01 5.0523e+01 5.1378e+01
 101.0000 5.0567e+01 4.5236e+01 5.6070e+01 4.5253e+01 5.6053e+01 5.0142e+01 5.0991e+01
 101.1250 5.0186e+01 4.4896e+01 5.5645e+01 4.4912e+01 5.5629e+01 4.9765e+01 5.0607e+01
 101.2500 4.9809e+01 4.4558e+01 5.5224e+01 4.4575e+01 5.5208e+01 4.9392e+01 5.0226e+01
 101.3750 4.9435e+01 4.4223e+01 5.4807e+01 4.4240e+01 5.4791e+01 4.9021e+01 4.9849e+01
 101.5000 4.9064e+01 4.3891e+01 5.4394e+01 4.3907e+01 5.4378e+01 4.8653e+01 4.9475e+01
 101.6250 4.8696e+01 4.3562e+01 5.3984e+01 4.3578e+01 5.3968e+01 4.8289e+01 4.9104e+01
 101.7500 4.8331e+01 4.3236e+01 5.3577e+01 4.3252e+01 5.3561e+01 4.7927e+01 4.8736e+01
 101.8750 4.7970e+01 4.2912e+01 5.3174e+01 4.2928e+01 5.3158e+01 4.7569e+01 4.8371e+01
 102.0000 4.7611e+01 4.2591e+01 5.2774e+01 4.2607e+01 5.2759e+01 4.7214e+01 4.8009e+01
 102.1250 4.7256e+01 4.2273e+01 5.2378e+01 4.2289e+01 5.2363e+01 4.6862e+01 4.7651e+01
 102.2500 4.6904e+01 4.1958e+01 5.1985e+01 4.1974e+01 5.1970e+01 4.6512e+01 4.7295e+01
 102.3750 4.6554e+01 4.1645e+01 5.1595e+01 4.1661e+01 5.1581e+01 4.6166e+01 4.6943e+01
 102.5000 4.6208e+01 4.1335e+01 5.1209e+01 4.1350e+01 5.1194e+01 4.5823e+01 4.6593e+01
 102.6250 4.5864e+01 4.1028e+01 5.0826e+01 4.1043e+01 5.0812e+01 4.5482e+01 4.6246e+01
 102.7500 4.5523e+01 4.0723e+01 5.0447e+01 4.0738e+01 5.0432e+01 4.5145e+01 4.5903e+01
 102.8750 4.5186e+01 4.0421e+01 5.0070e+01 4.0435e+01 5.0056e+01 4.4810e+01 4.5562e+01
 103.0000 4.4851e+01 4.0121e+01 4.9697e+01 4.0136e+01 4.9682e+01 4.4478e+01 4.5224e+01
 103.1250 4.4518e+01 3.9824e+01 4.9327e+01 3.9838e+01 4.9312e+01 4.4148e+01 4.4889e+01
 103.2500 4.4189e+01 3.9529e+01 4.8960e+01 3.9543e+01 4.8946e+01 4.3822e+01 4.4556e+01
 103.3750 4.3862e+01 3.9237e+01 4.8596e+01 3.9251e+01 4.8582e+01 4.3498e+01 4.4227e+01
 103.5000 4.3539e+01 3.8947e+01 4.8235e+01 3.8961e+01 4.8221e+01 4.3177e+01 4.3900e+01
 103.6250 4.3217e+01 3.8659e+01 4.7877e+01 3.8673e+01 4.7863e+01 4.2859e+01 4.3576e+01
 103.7500 4.2899e+01 3.8374e+01 4.7522e+01 3.8388e+01 4.7509e+01 4.2543e+01 4.3255e+01
 103.8750 4.2583e+01 3.8092e+01 4.7171e+01 3.8105e+01 4.7157e+01 4.2230e+01 4.2936e+01
 104.0000 4.2270e+01 3.7811e+01 4.6822e+01 3.7825e+01 4.6808e+01 4.1920e+01 4.2620e+01
 104.1250 4.1959e+01 3.7533e+01 4.6476e+01 3.7547e+01 4.6462e+01 4.1612e+01 4.2307e+01
 104.2500 4.1651e+01 3.7258e+01 4.6133e+01 3.7271e+01 4.6119e+01 4.1307e+01 4.1996e+01
 104.3750 4.1346e+01 3.6984e+01 4.5792e+01 3.6998e+01 4.5779e+01 4.1004e+01 4.1688e+01
 104.5000 4.1043e+01 3.6713e+01 4.5455e+01 3.6727e+01 4.5442e+01 4.0704e+01 4.1383e+01
 104.6250 4.0743e+01 3.6445e+01 4.5121e+01 3.6458e+01 4.5108e+01 4.0406e+01 4.1080e+01
 104.7500 4.0445e+01 3.6178e+01 4.4789e+01 3.6191e+01 4.4776e+01 4.0111e+01 4.0779e+01
 104.8750 4.0149e+01 3.5914e+01 4.4460e+01 3.5926e+01 4.4447e+01 3.9818e+01 4.0481e+01
 105.0000 3.9856e+01 3.5651e+01 4.4134e+01 3.5664e+01 4.4121e+01 3.9528e+01 4.0185e+01
 105.1250 3.9566e+01 3.5391e+01 4.3810e+01 3.5404e+01 4.3798e+01 3.9240e+01 3.9892e+01
 105.2500 3.9278e+01 3.5133e+01 4.3489e+01 3.5146e+01 4.3477e+01 3.8954e+01 3.9602e+01
 105.3750 3.8992e+01 3.4878e+01 4.3171e+01 3.4890e+01 4.3159e+01 3.8671e+01 3.9313e+01
 105.5000 3.8708e+01 3.4624e+01 4.2856e+01 3.4636e+01 4.2843e+01 3.8390e+01 3.9027e+01
 105.6250 3.8427e+01 3.4372e+01 4.2543e+01 3.4385e+01 4.2531e+01 3.8111e+01 3.8744e+01
 105.7500 3.8148e+01 3.4123e+01 4.2232e+01 3.4135e+01 4.2220e+01 3.7835e+01 3.8462e+01
 105.8750 3.7872e+01 3.3875e+01 4.1925e+01 3.3888e+01 4.1913e+01 3.7561e+01 3.8184e+01
 106.0000 3.7598e+01 3.3630e+01 4.1620e+01 3.3642e+01 4.1608e+01 3.7289e+01 3.7907e+01
 106.1250 3.7326e+01 3.3387e+01 4.1317e+01 3.3398e+01 4.1305e+01 3.7019e+01 3.7633e+01
 106.2500 3.7056e+01 3.3145e+01 4.1017e+01 3.3157e+01 4.1005e+01 3.6752e+01 3.7360e+01
 106.3750 3.6788e+01 3.2906e+01 4.0719e+01 3.2917e+01 4.0707e+01 3.6487e+01 3.7090e+01
 106.5000 3.6523e+01 3.2668e+01 4.0423e+01 3.2680e+01 4.0412e+01 3.6224e+01 3.6823e+01
 106.6250 3.6260e+01 3.2433e+01 4.0131e+01 3.2444e+01 4.0119e+01 3.5963e+01 3.6557e+01
 106.7500 3.5998e+01 3.2199e+01 3.9840e+01 3.2210e+01 3.9829e+01 3.5704e+01 3.6294e+01
 106.8750 3.5740e+01 3.1967e+01 3.9552e+01 3.1979e+01 3.9541e+01 3.5447e+01 3.6033e+01
 107.0000 3.5483e+01 3.1737e+01 3.9266e+01 3.1749e+01 3.9255e+01 3.5193e+01 3.5774e+01
 107.1250 3.5228e+01 3.1509e+01 3.8983e+01 3.1520e+01 3.8972e+01 3.4940e+01 3.5517e+01
 107.2500 3.4975e+01 3.1283e+01 3.8702e+01 3.1294e+01 3.8691e+01 3.4690e+01 3.5262e+01
 107.3750 3.4725e+01 3.1059e+01 3.8423e+01 3.1070e+01 3.8412e+01 3.4441e+01 3.5009e+01
 107.5000 3.4476e+01 3.0836e+01 3.8146e+01 3.0847e+01 3.8136e+01 3.4195e+01 3.4758e+01
 107.6250 3.4229e+01 3.0616e+01 3.7872e+01 3.0627e+01 3.7861e+01 3.3950e+01 3.4509e+01
 107.7500 3.3985e+01 3.0397e+01 3.7600e+01 3.0407e+01 3.7589e+01 3.3708e+01 3.4263e+01
 107.8750 3.3742e+01 3.0180e+01 3.7330e+01 3.0190e+01 3.7320e+01 3.3467e+01 3.4018e+01
 108.0000 3.3502e+01 2.9964e+01 3.7063e+01 2.9975e+01 3.7052e+01 3.3228e+01 3.3775e+01
 108.1250 3.3263e+01 2.9751e+01 3.6797e+01 2.9761e+01 3.6787e+01 3.2992e+01 3.3534e+01
 108.2500 3.3026e+01 2.9539e+01 3.6534e+01 2.9549e+01 3.6523e+01 3.2757e+01 3.3295e+01
 108.3750 3.2791e+01 2.9329e+01 3.6272e+01 2.9339e+01 3.6262e+01 3.2524e+01 3.3059e+01
 108.5000 3.2558e+01 2.9120e+01 3.6013e+01 2.9130e+01 3.6003e+01 3.2293e+01 3.2824e+01
 108.6250 3.2327e+01 2.8913e+01 3.5756e+01 2.8923e+01 3.5746e+01 3.2064e+01 3.2590e+01
 108.7500 3.2098e+01 2.8708e+01 3.5501e+01 2.8718e+01 3.5491e+01 3.1837e+01 3.2359e+01
 108.8750 3.1870e+01 2.8504e+01 3.5249e+01 2.8514e+01 3.5239e+01 3.1611e+01 3.2130e+01
 109.0000 3.1644e+01 2.8302e+01 3.4998e+01 2.8312e+01 3.4988e+01 3.1387e+01 3.1902e+01
 109.1250 3.1421e+01 2.8102e+01 3.4749e+01 2.8112e+01 3.4739e+01 3.1166e+01 3.1676e+01
 109.2500 3.1198e+01 2.7903e+01 3.4502e+01 2.7913e+01 3.4492e+01 3.0945e+01 3.1452e+01
 109.3750 3.0978e+01 2.7706e+01 3.4257e+01 2.7716e+01 3.4248e+01 3.0727e+01 3.1230e+01
 109.5000 3.0760e+01 2.7511e+01 3.4014e+01 2.7520e+01 3.4005e+01 3.0510e+01 3.1010e+01
 109.6250 3.0543e+01 2.7317e+01 3.3773e+01 2.7326e+01 3.3764e+01 3.0296e+01 3.0791e+01
 109.7500 3.0328e+01 2.7124e+01 3.3534e+01 2.7134e+01 3.3525e+01 3.0082e+01 3.0574e+01
 109.8750 3.0114e+01 2.6933e+01 3.3297e+01 2.6943e+01 3.3288e+01 2.9871e+01 3.0359e+01
 110.0000 2.9903e+01 2.6744e+01 3.3062e+01 2.6753e+01 3.3053e+01 2.9661e+01 3.0145e+01
 110.1250 2.9693e+01 2.6556e+01 3.2829e+01 2.6565e+01 3.2819e+01 2.9453e+01 2.9934e+01
 110.2500 2.9485e+01 2.6369e+01 3.2597e+01 2.6379e+01 3.2588e+01 2.9246e+01 2.9724e+01
 110.3750 2.9278e+01 2.6185e+01 3.2367e+01 2.6194e+01 3.2358e+01 2.9041e+01 2.9515e+01
 110.5000 2.9073e+01 2.6001e+01 3.2140e+01 2.6010e+01 3.2130e+01 2.8838e+01 2.9308e+01
 110.6250 2.8869e+01 2.5819e+01 3.1913e+01 2.5828e+01 3.1904e+01 2.8636e+01 2.9103e+01
 110.7500 2.8668e+01 2.5638e+01 3.1689e+01 2.5647e+01 3.1680e+01 2.8436e+01 2.8900e+01
 110.8750 2.8467e+01 2.5459e+01 3.1467e+01 2.5468e+01 3.1458e+01 2.8238e+01 2.8698e+01
 111.0000 2.8269e+01 2.5281e+01 3.1246e+01 2.5290e+01 3.1237e+01 2.8041e+01 2.8497e+01
 111.1250 2.8072e+01 2.5105e+01 3.1027e+01 2.5114e+01 3.1018e+01 2.7845e+01 2.8299e+01
 111.2500 2.7876e+01 2.4930e+01 3.0810e+01 2.4939e+01 3.0801e+01 2.7651e+01 2.8101e+01
 111.3750 2.7682e+01 2.4756e+01 3.0594e+01 2.4765e+01 3.0586e+01 2.7459e+01 2.7906e+01
 111.5000 2.7489e+01 2.4584e+01 3.0381e+01 2.4593e+01 3.0372e+01 2.7268e+01 2.7712e+01
 111.6250 2.7299e+01 2.4413e+01 3.0168e+01 2.4422e+01 3.0160e+01 2.7079e+01 2.7519e+01
 111.7500 2.7109e+01 2.4244e+01 2.9958e+01 2.4252e+01 2.9950e+01 2.6891e+01 2.7328e+01
 111.8750 2.6921e+01 2.4075e+01 2.9749e+01 2.4084e+01 2.9741e+01 2.6705e+01 2.7138e+01
 112.0000 2.6735e+01 2.3909e+01 2.9542e+01 2.3917e+01 2.9534e+01 2.6520e+01 2.6950e+01
 112.1250 2.6549e+01 2.3743e+01 2.9336e+01 2.3751e+01 2.9328e+01 2.6336e+01 2.6763e+01
 112.2500 2.6366e+01 2.3579e+01 2.9132e+01 2.3587e+01 2.9124e+01 2.6154e+01 2.6578e+01
 112.3750 2.6183e+01 2.3416e+01 2.8930e+01 2.3424e+01 2.8922e+01 2.5973e+01 2.6394e+01
 112.5000 2.6003e+01 2.3254e+01 2.8729e+01 2.3262e+01 2.8721e+01 2.5794e+01 2.6212e+01
 112.6250 2.5823e+01 2.3093e+01 2.8530e+01 2.3101e+01 2.8522e+01 2.5616e+01 2.6031e+01
 112.7500 2.5645e+01 2.2934e+01 2.8332e+01 2.2942e+01 2.8324e+01 2.5440e+01 2.5852e+01
 112.8750 2.5469e+01 2.2776e+01 2.8136e+01 2.2784e+01 2.8128e+01 2.5265e+01 2.5674e+01
 113.0000 2.5293e+01 2.2619e+01 2.7942e+01 2.2627e+01 2.7934e+01 2.5091e+01 2.5497e+01
 113.1250 2.5119e+01 2.2463e+01 2.7748e+01 2.2471e+01 2.7741e+01 2.4918e+01 2.5321e+01
 113.2500 2.4947e+01 2.2309e+01 2.7557e+01 2.2317e+01 2.7549e+01 2.4747e+01 2.5147e+01
 113.3750 2.4776e+01 2.2156e+01 2.7367e+01 2.2163e+01 2.7359e+01 2.4578e+01 2.4975e+01
 113.5000 2.4606e+01 2.2004e+01 2.7178e+01 2.2011e+01 2.7171e+01 2.4409e+01 2.4803e+01
 113.6250 2.4437e+01 2.1853e+01 2.6991e+01 2.1860e+01 2.6983e+01 2.4242e+01 2.4633e+01
 113.7500 2.4270e+01 2.1703e+01 2.6805e+01 2.1710e+01 2.6798e+01 2.4076e+01 2.4465e+01
 113.8750 2.4104e+01 2.1555e+01 2.6621e+01 2.1562e+01 2.6613e+01 2.3911e+01 2.4297e+01
 114.0000 2.3939e+01 2.1407e+01 2.6438e+01 2.1414e+01 2.6430e+01 2.3748e+01 2.4131e+01
 114.1250 2.3776e+01 2.1261e+01 2.6256e+01 2.1268e+01 2.6249e+01 2.3586e+01 2.3966e+01
 114.2500 2.3613e+01 2.1116e+01 2.6076e+01 2.1123e+01 2.6069e+01 2.3425e+01 2.3802e+01
 114.3750 2.3452e+01 2.0972e+01 2.5898e+01 2.0979e+01 2.5890e+01 2.3265e+01 2.3640e+01
 114.5000 2.3293e+01 2.0829e+01 2.5720e+01 2.0836e+01 2.5713e+01 2.3107e+01 2.3479e+01
 114.6250 2.3134e+01 2.0687e+01 2.5544e+01 2.0694e+01 2.5537e+01 2.2950e+01 2.3319e+01
 114.7500 2.2977e+01 2.0546e+01 2.5370e+01 2.0553e+01 2.5363e+01 2.2794e+01 2.3161e+01
 114.8750 2.2821e+01 2.0406e+01 2.5197e+01 2.0413e+01 2.5190e+01 2.2639e+01 2.3003e+01
 115.0000 2.2666e+01 2.0268e+01 2.5025e+01 2.0275e+01 2.5018e+01 2.2485e+01 2.2847e+01
 115.1250 2.2512e+01 2.0130e+01 2.4854e+01 2.0137e+01 2.4847e+01 2.2333e+01 2.2692e+01
 115.2500 2.2360e+01 1.9994e+01 2.4685e+01 2.0000e+01 2.4678e+01 2.2182e+01 2.2538e+01
 115.3750 2.2208e+01 1.9858e+01 2.4517e+01 1.9865e+01 2.4510e+01 2.2032e+01 2.2386e+01
 115.5000 2.2058e+01 1.9724e+01 2.4350e+01 1.9731e+01 2.4343e+01 2.1883e+01 2.2234e+01
 115.6250 2.1909e+01 1.9591e+01 2.4185e+01 1.9597e+01 2.4178e+01 2.1735e+01 2.2084e+01
 115.7500 2.1761e+01 1.9458e+01 2.4021e+01 1.9465e+01 2.4014e+01 2.1588e+01 2.1935e+01
 115.8750 2.1614e+01 1.9327e+01 2.3858e+01 1.9333e+01 2.3851e+01 2.1443e+01 2.1787e+01
 116.0000 2.1469e+01 1.9197e+01 2.3696e+01 1.9203e+01 2.3690e+01 2.1298e+01 2.1640e+01
 116.1250 2.1324e+01 1.9067e+01 2.3536e+01 1.9074e+01 2.3529e+01 2.1155e+01 2.1494e+01
 116.2500 2.1181e+01 1.8939e+01 2.3377e+01 1.8945e+01 2.3370e+01 2.1013e+01 2.1349e+01
 116.3750 2.1038e+01 1.8811e+01 2.3219e+01 1.8818e+01 2.3212e+01 2.0871e+01 2.1206e+01
 116.5000 2.0897e+01 1.8685e+01 2.3062e+01 1.8691e+01 2.3056e+01 2.0731e+01 2.1063e+01
 116.6250 2.0757e+01 1.8560e+01 2.2907e+01 1.8566e+01 2.2900e+01 2.0592e+01 2.0922e+01
 116.7500 2.0618e+01 1.8435e+01 2.2752e+01 1.8441e+01 2.2746e+01 2.0454e+01 2.0782e+01
 116.8750 2.0480e+01 1.8311e+01 2.2599e+01 1.8317e+01 2.2593e+01 2.0317e+01 2.0642e+01
 117.0000 2.0342e+01 1.8189e+01 2.2447e+01 1.8195e+01 2.2441e+01 2.0181e+01 2.0504e+01
 117.1250 2.0206e+01 1.8067e+01 2.2296e+01 1.8073e+01 2.2290e+01 2.0047e+01 2.0367e+01
 117.2500 2.0071e+01 1.7946e+01 2.2147e+01 1.7952e+01 2.2141e+01 1.9913e+01 2.0231e+01
 117.3750 1.9937e+01 1.7826e+01 2.1998e+01 1.7832e+01 2.1992e+01 1.9780e+01 2.0096e+01
 117.5000 1.9805e+01 1.7707e+01 2.1851e+01 1.7713e+01 2.1845e+01 1.9648e+01 1.9962e+01
 117.6250 1.9672e+01 1.7589e+01 2.1704e+01 1.7595e+01 2.1698e+01 1.9517e+01 1.9829e+01
 117.7500 1.9542e+01 1.7472e+01 2.1559e+01 1.7478e+01 2.1553e+01 1.9387e+01 1.9697e+01
 117.8750 1.9412e+01 1.7356e+01 2.1415e+01 1.7362e+01 2.1409e+01 1.9258e+01 1.9566e+01
 118.0000 1.9283e+01 1.7240e+01 2.1272e+01 1.7246e+01 2.1266e+01 1.9130e+01 1.9436e+01
 118.1250 1.9154e+01 1.7126e+01 2.1130e+01 1.7131e+01 2.1124e+01 1.9003e+01 1.9306e+01
 118.2500 1.9027e+01 1.7012e+01 2.0989e+01 1.7018e+01 2.0983e+01 1.8877e+01 1.9178e+01
 118.3750 1.8901e+01 1.6899e+01 2.0850e+01 1.6905e+01 2.0844e+01 1.8752e+01 1.9051e+01
 118.5000 1.8776e+01 1.6787e+01 2.0711e+01 1.6793e+01 2.0705e+01 1.8628e+01 1.8925e+01
 118.6250 1.8652e+01 1.6676e+01 2.0573e+01 1.6682e+01 2.0567e+01 1.8505e+01 1.8800e+01
 118.7500 1.8529e+01 1.6566e+01 2.0436e+01 1.6571e+01 2.0431e+01 1.8383e+01 1.8675e+01
 118.8750 1.8406e+01 1.6456e+01 2.0301e+01 1.6462e+01 2.0295e+01 1.8261e+01 1.8552e+01
 119.0000 1.8285e+01 1.6348e+01 2.0166e+01 1.6353e+01 2.0161e+01 1.8141e+01 1.8430e+01
 119.1250 1.8164e+01 1.6240e+01 2.0033e+01 1.6245e+01 2.0027e+01 1.8021e+01 1.8308e+01
 119.2500 1.8044e+01 1.6133e+01 1.9900e+01 1.6138e+01 1.9895e+01 1.7902e+01 1.8187e+01
 119.3750 1.7926e+01 1.6026e+01 1.9768e+01 1.6032e+01 1.9763e+01 1.7785e+01 1.8067e+01
 119.5000 1.7808e+01 1.5921e+01 1.9638e+01 1.5926e+01 1.9632e+01 1.7668e+01 1.7949e+01
 119.6250 1.7691e+01 1.5816e+01 1.9508e+01 1.5821e+01 1.9503e+01 1.7552e+01 1.7831e+01
 119.7500 1.7575e+01 1.5712e+01 1.9379e+01 1.5717e+01 1.9374e+01 1.7436e+01 1.7713e+01
 119.8750 1.7459e+01 1.5609e+01 1.9252e+01 1.5614e+01 1.9246e+01 1.7322e+01 1.7597e+01
 120.0000 1.7345e+01 1.5507e+01 1.9125e+01 1.5512e+01 1.9120e+01 1.7209e+01 1.7482e+01
