   0.0000 0.0000e+00 0.0000e+00 0.0000e+00 0.0000e+00 0.0000e+00 0.0000e+00 0.0000e+00 0.0000e+00 0.0000e+00
   0.5000 7.0957e+06 3.5451e+06 1.1114e+07 3.9664e+06 1.0564e+07 5.7050e+06 8.8957e+06 6.1575e+06 8.0339e+06
   1.0000 1.2992e+07 6.6545e+06 2.0034e+07 7.4187e+06 1.9029e+07 1.0500e+07 1.6194e+07 1.1291e+07 1.4693e+07
   1.5000 1.7259e+07 9.1121e+06 2.6180e+07 1.0106e+07 2.4875e+07 1.4055e+07 2.1338e+07 1.5035e+07 1.9483e+07
   2.0000 1.9797e+07 1.0813e+07 2.9602e+07 1.1920e+07 2.8172e+07 1.6265e+07 2.4248e+07 1.7309e+07 2.2285e+07
   2.5000 2.0796e+07 1.1766e+07 3.0763e+07 1.2886e+07 2.9365e+07 1.7248e+07 2.5215e+07 1.8270e+07 2.3322e+07
   3.0000 2.0580e+07 1.2059e+07 3.0222e+07 1.3116e+07 2.8966e+07 1.7240e+07 2.4690e+07 1.8181e+07 2.2978e+07
   3.5000 1.9505e+07 1.1820e+07 2.8510e+07 1.2770e+07 2.7449e+07 1.6506e+07 2.3147e+07 1.7333e+07 2.1676e+07
   4.0000 1.7900e+07 1.1197e+07 2.6080e+07 1.2022e+07 2.5221e+07 1.5299e+07 2.1016e+07 1.6000e+07 1.9800e+07
   4.5000 1.6034e+07 1.0335e+07 2.3301e+07 1.1032e+07 2.2623e+07 1.3837e+07 1.8633e+07 1.4411e+07 1.7656e+07
   5.0000 1.4108e+07 9.3524e+06 2.0451e+07 9.9316e+06 1.9925e+07 1.2287e+07 1.6238e+07 1.2746e+07 1.5471e+07
   5.5000 1.2257e+07 8.3426e+06 1.7719e+07 8.8190e+06 1.7315e+07 1.0766e+07 1.3982e+07 1.1126e+07 1.3388e+07
   6.0000 1.0556e+07 7.3627e+06 1.5214e+07 7.7524e+06 1.4904e+07 9.3452e+06 1.1943e+07 9.6228e+06 1.1490e+07
   6.5000 9.0399e+06 6.4463e+06 1.2985e+07 6.7643e+06 1.2746e+07 8.0602e+06 1.0153e+07 8.2727e+06 9.8072e+06
   7.0000 7.7160e+06 5.5486e+06 1.1042e+07 5.7992e+06 1.0858e+07 6.9242e+06 8.6089e+06 7.0860e+06 8.3460e+06
   7.5000 6.5760e+06 4.7543e+06 9.3735e+06 4.9510e+06 9.2298e+06 5.9356e+06 7.2936e+06 6.0584e+06 7.0936e+06
   8.0000 5.6033e+06 4.0721e+06 7.9536e+06 4.2273e+06 7.8411e+06 5.0842e+06 6.1819e+06 5.1772e+06 6.0294e+06
   8.5000 4.7782e+06 3.4900e+06 6.7528e+06 3.6131e+06 6.6639e+06 4.3559e+06 5.2465e+06 4.4266e+06 5.1298e+06
   9.0000 4.0806e+06 2.9950e+06 5.7409e+06 3.0933e+06 5.6702e+06 3.7358e+06 4.4612e+06 3.7894e+06 4.3717e+06
   9.5000 3.4916e+06 2.5749e+06 4.8898e+06 2.6538e+06 4.8331e+06 3.2089e+06 3.8025e+06 3.2497e+06 3.7336e+06
  10.0000 2.9946e+06 2.2186e+06 4.1744e+06 2.2824e+06 4.1286e+06 2.7618e+06 3.2496e+06 2.7928e+06 3.1964e+06
  10.5000 2.5746e+06 1.9161e+06 3.5724e+06 1.9679e+06 3.5352e+06 2.3822e+06 2.7849e+06 2.4056e+06 2.7437e+06
  11.0000 2.2195e+06 1.6590e+06 3.0652e+06 1.7014e+06 3.0348e+06 2.0595e+06 2.3936e+06 2.0774e+06 2.3616e+06
  11.5000 1.9187e+06 1.4403e+06 2.6374e+06 1.4752e+06 2.6123e+06 1.7852e+06 2.0636e+06 1.7987e+06 2.0386e+06
  12.0000 1.6634e+06 1.2539e+06 2.2758e+06 1.2828e+06 2.2551e+06 1.5515e+06 1.7845e+06 1.5618e+06 1.7650e+06
  12.5000 1.4460e+06 1.0944e+06 1.9693e+06 1.1185e+06 1.9520e+06 1.3518e+06 1.5476e+06 1.3596e+06 1.5324e+06
  13.0000 1.2603e+06 9.5760e+05 1.7086e+06 9.7770e+05 1.6942e+06 1.1808e+06 1.3459e+06 1.1865e+06 1.3341e+06
  13.5000 1.1013e+06 8.4001e+05 1.4865e+06 8.5690e+05 1.4744e+06 1.0340e+06 1.1736e+06 1.0381e+06 1.1646e+06
  14.0000 9.6495e+05 7.3878e+05 1.2968e+06 7.5302e+05 1.2865e+06 9.0764e+05 1.0263e+06 9.1059e+05 1.0193e+06
  14.5000 8.4769e+05 6.5144e+05 1.1343e+06 6.6350e+05 1.1256e+06 7.9877e+05 8.9991e+05 8.0082e+05 8.9456e+05
  15.0000 7.4656e+05 5.7580e+05 9.9481e+05 5.8606e+05 9.8738e+05 7.0467e+05 7.9116e+05 7.0601e+05 7.8710e+05
  15.5000 6.5906e+05 5.1009e+05 8.7459e+05 5.1884e+05 8.6824e+05 6.2308e+05 6.9727e+05 6.2386e+05 6.9424e+05
  16.0000 5.8315e+05 4.5286e+05 7.7073e+05 4.6036e+05 7.6528e+05 5.5218e+05 6.1599e+05 5.5252e+05 6.1378e+05
  16.5000 5.1714e+05 4.0291e+05 6.8078e+05 4.0935e+05 6.7608e+05 4.9040e+05 5.4543e+05 4.9039e+05 5.4389e+05
  17.0000 4.5960e+05 3.5921e+05 6.0269e+05 3.6476e+05 5.9863e+05 4.3645e+05 4.8403e+05 4.3617e+05 4.8302e+05
  17.5000 4.0931e+05 3.2090e+05 5.3474e+05 3.2570e+05 5.3122e+05 3.8923e+05 4.3047e+05 3.8874e+05 4.2988e+05
  18.0000 3.6528e+05 2.8725e+05 4.7548e+05 2.9142e+05 4.7241e+05 3.4780e+05 3.8364e+05 3.4717e+05 3.8340e+05
  18.5000 3.2663e+05 2.5762e+05 4.2364e+05 2.6124e+05 4.2097e+05 3.1139e+05 3.4260e+05 3.1065e+05 3.4262e+05
  19.0000 2.9263e+05 2.3147e+05 3.7820e+05 2.3463e+05 3.7586e+05 2.7931e+05 3.0656e+05 2.7850e+05 3.0677e+05
  19.5000 2.6265e+05 2.0834e+05 3.3828e+05 2.1110e+05 3.3623e+05 2.5098e+05 2.7483e+05 2.5013e+05 2.7518e+05
  20.0000 2.3616e+05 1.8784e+05 3.0314e+05 1.9026e+05 3.0134e+05 2.2593e+05 2.4683e+05 2.2504e+05 2.4730e+05
  20.5000 2.1272e+05 1.6963e+05 2.7215e+05 1.7176e+05 2.7057e+05 2.0372e+05 2.2208e+05 2.0282e+05 2.2263e+05
  21.0000 1.9192e+05 1.5344e+05 2.4477e+05 1.5532e+05 2.4337e+05 1.8399e+05 2.0016e+05 1.8309e+05 2.0076e+05
  21.5000 1.7344e+05 1.3900e+05 2.2053e+05 1.4066e+05 2.1930e+05 1.6644e+05 1.8070e+05 1.6555e+05 1.8134e+05
  22.0000 1.5699e+05 1.2611e+05 1.9904e+05 1.2758e+05 1.9794e+05 1.5080e+05 1.6340e+05 1.4992e+05 1.6407e+05
  22.5000 1.4232e+05 1.1459e+05 1.7991e+05 1.1588e+05 1.7894e+05 1.3683e+05 1.4798e+05 1.3597e+05 1.4866e+05
  23.0000 1.2920e+05 1.0426e+05 1.6286e+05 1.0541e+05 1.6199e+05 1.2433e+05 1.3421e+05 1.2349e+05 1.3490e+05
  23.5000 1.1745e+05 9.4991e+04 1.4764e+05 9.6019e+04 1.4687e+05 1.1313e+05 1.2190e+05 1.1231e+05 1.2259e+05
  24.0000 1.0692e+05 8.6663e+04 1.3403e+05 8.7580e+04 1.3334e+05 1.0307e+05 1.1088e+05 1.0229e+05 1.1155e+05
  24.5000 9.7465e+04 7.9166e+04 1.2185e+05 7.9986e+04 1.2122e+05 9.4031e+04 1.0099e+05 9.3279e+04 1.0165e+05
  25.0000 8.8961e+04 7.2409e+04 1.1092e+05 7.3143e+04 1.1036e+05 8.5895e+04 9.2104e+04 8.5174e+04 9.2746e+04
  25.5000 8.1303e+04 6.6310e+04 1.0111e+05 6.6968e+04 1.0061e+05 7.8561e+04 8.4110e+04 7.7872e+04 8.4733e+04
  26.0000 7.4397e+04 6.0796e+04 9.2300e+04 6.1387e+04 9.1847e+04 7.1942e+04 7.6908e+04 7.1283e+04 7.7510e+04
  26.5000 6.8162e+04 5.5805e+04 8.4367e+04 5.6338e+04 8.3959e+04 6.5960e+04 7.0410e+04 6.5330e+04 7.0992e+04
  27.0000 6.2523e+04 5.1282e+04 7.7219e+04 5.1762e+04 7.6850e+04 6.0546e+04 6.4540e+04 5.9944e+04 6.5102e+04
  27.5000 5.7415e+04 4.7177e+04 7.0758e+04 4.7610e+04 7.0424e+04 5.5638e+04 5.9226e+04 5.5063e+04 5.9767e+04
  28.0000 5.2782e+04 4.3445e+04 6.4909e+04 4.3837e+04 6.4606e+04 5.1181e+04 5.4410e+04 5.0634e+04 5.4929e+04
  28.5000 4.8573e+04 4.0049e+04 5.9608e+04 4.0405e+04 5.9333e+04 4.7130e+04 5.0039e+04 4.6609e+04 5.0536e+04
  29.0000 4.4746e+04 3.6955e+04 5.4798e+04 3.7278e+04 5.4548e+04 4.3443e+04 4.6068e+04 4.2948e+04 4.6543e+04
  29.5000 4.1262e+04 3.4134e+04 5.0429e+04 3.4427e+04 5.0200e+04 4.0084e+04 4.2456e+04 3.9615e+04 4.2909e+04
  30.0000 3.8088e+04 3.1557e+04 4.6456e+04 3.1825e+04 4.6247e+04 3.7021e+04 3.9166e+04 3.6576e+04 3.9599e+04
  30.5000 3.5192e+04 2.9203e+04 4.2838e+04 2.9447e+04 4.2648e+04 3.4225e+04 3.6168e+04 3.3803e+04 3.6580e+04
  31.0000 3.2547e+04 2.7048e+04 3.9542e+04 2.7271e+04 3.9368e+04 3.1670e+04 3.3432e+04 3.1270e+04 3.3823e+04
  31.5000 3.0130e+04 2.5075e+04 3.6535e+04 2.5279e+04 3.6375e+04 2.9332e+04 3.0933e+04 2.8954e+04 3.1304e+04
  32.0000 2.7918e+04 2.3267e+04 3.3790e+04 2.3453e+04 3.3643e+04 2.7192e+04 2.8648e+04 2.6835e+04 2.9001e+04
  32.5000 2.5893e+04 2.1607e+04 3.1281e+04 2.1778e+04 3.1146e+04 2.5232e+04 2.6556e+04 2.4893e+04 2.6891e+04
  33.0000 2.4036e+04 2.0083e+04 2.8987e+04 2.0240e+04 2.8862e+04 2.3433e+04 2.4641e+04 2.3113e+04 2.4958e+04
  33.5000 2.2332e+04 1.8681e+04 2.6884e+04 1.8826e+04 2.6769e+04 2.1781e+04 2.2883e+04 2.1478e+04 2.3184e+04
  34.0000 2.0764e+04 1.7391e+04 2.4955e+04 1.7524e+04 2.4849e+04 2.0261e+04 2.1268e+04 1.9973e+04 2.1553e+04
  34.5000 1.9322e+04 1.6201e+04 2.3184e+04 1.6324e+04 2.3086e+04 1.8861e+04 1.9781e+04 1.8589e+04 2.0053e+04
  35.0000 1.7993e+04 1.5105e+04 2.1555e+04 1.5218e+04 2.1465e+04 1.7571e+04 1.8413e+04 1.7313e+04 1.8671e+04
  35.5000 1.6768e+04 1.4093e+04 2.0057e+04 1.4197e+04 1.9974e+04 1.6382e+04 1.7152e+04 1.6136e+04 1.7398e+04
  36.0000 1.5637e+04 1.3158e+04 1.8678e+04 1.3254e+04 1.8600e+04 1.5283e+04 1.5990e+04 1.5050e+04 1.6223e+04
  36.5000 1.4594e+04 1.2293e+04 1.7407e+04 1.2383e+04 1.7334e+04 1.4269e+04 1.4917e+04 1.4047e+04 1.5139e+04
  37.0000 1.3630e+04 1.1494e+04 1.6234e+04 1.1577e+04 1.6167e+04 1.3331e+04 1.3926e+04 1.3120e+04 1.4138e+04
  37.5000 1.2738e+04 1.0753e+04 1.5152e+04 1.0831e+04 1.5089e+04 1.2464e+04 1.3010e+04 1.2263e+04 1.3212e+04
  38.0000 1.1913e+04 1.0068e+04 1.4151e+04 1.0140e+04 1.4093e+04 1.1661e+04 1.2163e+04 1.1470e+04 1.2355e+04
  38.5000 1.1149e+04 9.4319e+03 1.3227e+04 9.4988e+03 1.3172e+04 1.0917e+04 1.1379e+04 1.0735e+04 1.1562e+04
  39.0000 1.0441e+04 8.8421e+03 1.2371e+04 8.9045e+03 1.2320e+04 1.0227e+04 1.0653e+04 1.0054e+04 1.0827e+04
  39.5000 9.7840e+03 8.2946e+03 1.1578e+04 8.3528e+03 1.1531e+04 9.5870e+03 9.9797e+03 9.4219e+03 1.0146e+04
  40.0000 9.1748e+03 7.7860e+03 1.0844e+04 7.8403e+03 1.0799e+04 8.9929e+03 9.3555e+03 8.8357e+03 9.5136e+03
  40.5000 8.6092e+03 7.3132e+03 1.0163e+04 7.3641e+03 1.0121e+04 8.4411e+03 8.7761e+03 8.2914e+03 8.9267e+03
  41.0000 8.0835e+03 6.8733e+03 9.5309e+03 6.9209e+03 9.4915e+03 7.9280e+03 8.2378e+03 7.7855e+03 8.3813e+03
  41.5000 7.5943e+03 6.4634e+03 8.9436e+03 6.5080e+03 8.9066e+03 7.4504e+03 7.7371e+03 7.3146e+03 7.8739e+03
  42.0000 7.1388e+03 6.0811e+03 8.3976e+03 6.1230e+03 8.3627e+03 7.0055e+03 7.2711e+03 6.8760e+03 7.4015e+03
  42.5000 6.7144e+03 5.7245e+03 7.8896e+03 5.7639e+03 7.8568e+03 6.5908e+03 6.8370e+03 6.4673e+03 6.9614e+03
  43.0000 6.3187e+03 5.3916e+03 7.4166e+03 5.4286e+03 7.3857e+03 6.2041e+03 6.4324e+03 6.0862e+03 6.5511e+03
  43.5000 5.9495e+03 5.0807e+03 6.9761e+03 5.1155e+03 6.9469e+03 5.8431e+03 6.0551e+03 5.7306e+03 6.1685e+03
  44.0000 5.6049e+03 4.7901e+03 6.5653e+03 4.8229e+03 6.5378e+03 5.5061e+03 5.7030e+03 5.3985e+03 5.8113e+03
  44.5000 5.2831e+03 4.5184e+03 6.1822e+03 4.5494e+03 6.1562e+03 5.1911e+03 5.3742e+03 5.0884e+03 5.4777e+03
  45.0000 4.9823e+03 4.2643e+03 5.8246e+03 4.2935e+03 5.8000e+03 4.8967e+03 5.0670e+03 4.7985e+03 5.1660e+03
  45.5000 4.7010e+03 4.0263e+03 5.4906e+03 4.0539e+03 5.4673e+03 4.6213e+03 4.7799e+03 4.5274e+03 4.8746e+03
  46.0000 4.4378e+03 3.8035e+03 5.1785e+03 3.8296e+03 5.1564e+03 4.3636e+03 4.5113e+03 4.2737e+03 4.6019e+03
  46.5000 4.1914e+03 3.5947e+03 4.8867e+03 3.6194e+03 4.8656e+03 4.1222e+03 4.2599e+03 4.0362e+03 4.3467e+03
  47.0000 3.9607e+03 3.3990e+03 4.6136e+03 3.4224e+03 4.5936e+03 3.8961e+03 4.0246e+03 3.8138e+03 4.1076e+03
  47.5000 3.7444e+03 3.2155e+03 4.3579e+03 3.2377e+03 4.3390e+03 3.6841e+03 3.8040e+03 3.6053e+03 3.8836e+03
  48.0000 3.5416e+03 3.0433e+03 4.1185e+03 3.0644e+03 4.1004e+03 3.4853e+03 3.5973e+03 3.4098e+03 3.6735e+03
  48.5000 3.3514e+03 2.8816e+03 3.8940e+03 2.9016e+03 3.8768e+03 3.2987e+03 3.4034e+03 3.2264e+03 3.4765e+03
  49.0000 3.1728e+03 2.7298e+03 3.6835e+03 2.7488e+03 3.6672e+03 3.1236e+03 3.2215e+03 3.0542e+03 3.2915e+03
  49.5000 3.0052e+03 2.5872e+03 3.4861e+03 2.6053e+03 3.4705e+03 2.9590e+03 3.0507e+03 2.8926e+03 3.1178e+03
  50.0000 2.8477e+03 2.4531e+03 3.3007e+03 2.4703e+03 3.2858e+03 2.8044e+03 2.8903e+03 2.7407e+03 2.9546e+03
  50.5000 2.6996e+03 2.3269e+03 3.1265e+03 2.3433e+03 3.1123e+03 2.6590e+03 2.7395e+03 2.5979e+03 2.8012e+03
  51.0000 2.5602e+03 2.2081e+03 2.9629e+03 2.2238e+03 2.9493e+03 2.5222e+03 2.5977e+03 2.4636e+03 2.6569e+03
  51.5000 2.4291e+03 2.0962e+03 2.8090e+03 2.1111e+03 2.7960e+03 2.3934e+03 2.4642e+03 2.3372e+03 2.5210e+03
  52.0000 2.3056e+03 1.9907e+03 2.6642e+03 2.0050e+03 2.6518e+03 2.2721e+03 2.3386e+03 2.2181e+03 2.3931e+03
  52.5000 2.1892e+03 1.8913e+03 2.5280e+03 1.9049e+03 2.5161e+03 2.1578e+03 2.2202e+03 2.1059e+03 2.2726e+03
  53.0000 2.0796e+03 1.7975e+03 2.3997e+03 1.8105e+03 2.3883e+03 2.0500e+03 2.1087e+03 2.0001e+03 2.1590e+03
  53.5000 1.9762e+03 1.7089e+03 2.2789e+03 1.7214e+03 2.2679e+03 1.9483e+03 2.0036e+03 1.9004e+03 2.0519e+03
  54.0000 1.8786e+03 1.6254e+03 2.1650e+03 1.6373e+03 2.1545e+03 1.8524e+03 1.9044e+03 1.8063e+03 1.9509e+03
  54.5000 1.7865e+03 1.5464e+03 2.0576e+03 1.5579e+03 2.0475e+03 1.7619e+03 1.8108e+03 1.7176e+03 1.8555e+03
  55.0000 1.6996e+03 1.4719e+03 1.9562e+03 1.4828e+03 1.9466e+03 1.6764e+03 1.7225e+03 1.6337e+03 1.7655e+03
  55.5000 1.6175e+03 1.4014e+03 1.8606e+03 1.4119e+03 1.8513e+03 1.5956e+03 1.6390e+03 1.5546e+03 1.6804e+03
  56.0000 1.5399e+03 1.3347e+03 1.7703e+03 1.3448e+03 1.7614e+03 1.5193e+03 1.5602e+03 1.4798e+03 1.6001e+03
  56.5000 1.4665e+03 1.2717e+03 1.6850e+03 1.2814e+03 1.6764e+03 1.4471e+03 1.4857e+03 1.4090e+03 1.5241e+03
  57.0000 1.3972e+03 1.2120e+03 1.6044e+03 1.2213e+03 1.5962e+03 1.3788e+03 1.4153e+03 1.3421e+03 1.4522e+03
  57.5000 1.3315e+03 1.1555e+03 1.5282e+03 1.1645e+03 1.5203e+03 1.3142e+03 1.3486e+03 1.2789e+03 1.3842e+03
  58.0000 1.2694e+03 1.1021e+03 1.4562e+03 1.1107e+03 1.4485e+03 1.2531e+03 1.2856e+03 1.2190e+03 1.3199e+03
  58.5000 1.2106e+03 1.0514e+03 1.3880e+03 1.0597e+03 1.3806e+03 1.1952e+03 1.2259e+03 1.1623e+03 1.2590e+03
  59.0000 1.1549e+03 1.0034e+03 1.3234e+03 1.0114e+03 1.3163e+03 1.1403e+03 1.1693e+03 1.1086e+03 1.2012e+03
  59.5000 1.1021e+03 9.5786e+02 1.2623e+03 9.6557e+02 1.2554e+03 1.0883e+03 1.1158e+03 1.0577e+03 1.1465e+03
  60.0000 1.0521e+03 9.1470e+02 1.2044e+03 9.2214e+02 1.1977e+03 1.0390e+03 1.0650e+03 1.0095e+03 1.0947e+03
  60.5000 1.0046e+03 8.7376e+02 1.1495e+03 8.8093e+02 1.1430e+03 9.9223e+02 1.0168e+03 9.6373e+02 1.0455e+03
  61.0000 9.5961e+02 8.3491e+02 1.0974e+03 8.4183e+02 1.0912e+03 9.4788e+02 9.7118e+02 9.2036e+02 9.9887e+02
  61.5000 9.1689e+02 7.9803e+02 1.0481e+03 8.0472e+02 1.0421e+03 9.0578e+02 9.2787e+02 8.7921e+02 9.5459e+02
  62.0000 8.7635e+02 7.6301e+02 1.0013e+03 7.6946e+02 9.9544e+02 8.6581e+02 8.8675e+02 8.4014e+02 9.1256e+02
  62.5000 8.3784e+02 7.2972e+02 9.5683e+02 7.3596e+02 9.5119e+02 8.2785e+02 8.4771e+02 8.0305e+02 8.7264e+02
  63.0000 8.0126e+02 6.9809e+02 9.1464e+02 7.0412e+02 9.0918e+02 7.9178e+02 8.1062e+02 7.6781e+02 8.3472e+02
  63.5000 7.6650e+02 6.6801e+02 8.7458e+02 6.7385e+02 8.6929e+02 7.5750e+02 7.7538e+02 7.3433e+02 7.9867e+02
  64.0000 7.3345e+02 6.3940e+02 8.3651e+02 6.4505e+02 8.3139e+02 7.2490e+02 7.4189e+02 7.0250e+02 7.6441e+02
  64.5000 7.0202e+02 6.1218e+02 8.0034e+02 6.1765e+02 7.9538e+02 6.9390e+02 7.1004e+02 6.7224e+02 7.3182e+02
  65.0000 6.7213e+02 5.8628e+02 7.6596e+02 5.9158e+02 7.6114e+02 6.6441e+02 6.7975e+02 6.4345e+02 7.0082e+02
  65.5000 6.4368e+02 5.6161e+02 7.3326e+02 5.6675e+02 7.2858e+02 6.3635e+02 6.5093e+02 6.1606e+02 6.7132e+02
  66.0000 6.1661e+02 5.3813e+02 7.0215e+02 5.4311e+02 6.9761e+02 6.0963e+02 6.2350e+02 5.8999e+02 6.4323e+02
  66.5000 5.9083e+02 5.1576e+02 6.7255e+02 5.2059e+02 6.6814e+02 5.8419e+02 5.9739e+02 5.6518e+02 6.1649e+02
  67.0000 5.6627e+02 4.9444e+02 6.4437e+02 4.9913e+02 6.4009e+02 5.5996e+02 5.7252e+02 5.4154e+02 5.9102e+02
  67.5000 5.4288e+02 4.7413e+02 6.1754e+02 4.7868e+02 6.1338e+02 5.3687e+02 5.4883e+02 5.1903e+02 5.6674e+02
  68.0000 5.2059e+02 4.5476e+02 5.9199e+02 4.5918e+02 5.8793e+02 5.1486e+02 5.2625e+02 4.9757e+02 5.4361e+02
  68.5000 4.9934e+02 4.3628e+02 5.6764e+02 4.4058e+02 5.6369e+02 4.9388e+02 5.0474e+02 4.7712e+02 5.2155e+02
  69.0000 4.7907e+02 4.1866e+02 5.4443e+02 4.2284e+02 5.4059e+02 4.7387e+02 4.8422e+02 4.5763e+02 5.0052e+02
  69.5000 4.5974e+02 4.0185e+02 5.2230e+02 4.0590e+02 5.1857e+02 4.5478e+02 4.6465e+02 4.3903e+02 4.8045e+02
  70.0000 4.4130e+02 3.8580e+02 5.0120e+02 3.8975e+02 4.9757e+02 4.3656e+02 4.4598e+02 4.2129e+02 4.6131e+02
  70.5000 4.2369e+02 3.7048e+02 4.8107e+02 3.7432e+02 4.7753e+02 4.1918e+02 4.2817e+02 4.0436e+02 4.4303e+02
  71.0000 4.0689e+02 3.5584e+02 4.6186e+02 3.5958e+02 4.5841e+02 4.0258e+02 4.1116e+02 3.8820e+02 4.2558e+02
  71.5000 3.9084e+02 3.4187e+02 4.4353e+02 3.4551e+02 4.4017e+02 3.8673e+02 3.9492e+02 3.7278e+02 4.0891e+02
  72.0000 3.7551e+02 3.2851e+02 4.2602e+02 3.3206e+02 4.2274e+02 3.7158e+02 3.7941e+02 3.5804e+02 3.9299e+02
  72.5000 3.6087e+02 3.1575e+02 4.0930e+02 3.1920e+02 4.0610e+02 3.5711e+02 3.6459e+02 3.4397e+02 3.7777e+02
  73.0000 3.4687e+02 3.0355e+02 3.9333e+02 3.0691e+02 3.9021e+02 3.4328e+02 3.5043e+02 3.3052e+02 3.6323e+02
  73.5000 3.3349e+02 2.9188e+02 3.7806e+02 2.9516e+02 3.7502e+02 3.3006e+02 3.3689e+02 3.1767e+02 3.4932e+02
  74.0000 3.2070e+02 2.8072e+02 3.6347e+02 2.8392e+02 3.6050e+02 3.1742e+02 3.2395e+02 3.0538e+02 3.3602e+02
  74.5000 3.0846e+02 2.7005e+02 3.4952e+02 2.7317e+02 3.4662e+02 3.0532e+02 3.1157e+02 2.9362e+02 3.2330e+02
  75.0000 2.9675e+02 2.5983e+02 3.3618e+02 2.6288e+02 3.3334e+02 2.9375e+02 2.9973e+02 2.8238e+02 3.1113e+02
  75.5000 2.8555e+02 2.5006e+02 3.2341e+02 2.5303e+02 3.2064e+02 2.8268e+02 2.8840e+02 2.7163e+02 2.9948e+02
  76.0000 2.7483e+02 2.4069e+02 3.1120e+02 2.4360e+02 3.0849e+02 2.7207e+02 2.7756e+02 2.6133e+02 2.8832e+02
  76.5000 2.6456e+02 2.3173e+02 2.9951e+02 2.3456e+02 2.9686e+02 2.6192e+02 2.6718e+02 2.5148e+02 2.7764e+02
  77.0000 2.5473e+02 2.2314e+02 2.8832e+02 2.2591e+02 2.8573e+02 2.5220e+02 2.5724e+02 2.4205e+02 2.6741e+02
  77.5000 2.4531e+02 2.1492e+02 2.7761e+02 2.1762e+02 2.7508e+02 2.4289e+02 2.4772e+02 2.3302e+02 2.5761e+02
  78.0000 2.3629e+02 2.0703e+02 2.6735e+02 2.0968e+02 2.6487e+02 2.3397e+02 2.3860e+02 2.2437e+02 2.4822e+02
  78.5000 2.2765e+02 1.9948e+02 2.5752e+02 2.0206e+02 2.5510e+02 2.2543e+02 2.2986e+02 2.1608e+02 2.3922e+02
  79.0000 2.1937e+02 1.9223e+02 2.4811e+02 1.9476e+02 2.4574e+02 2.1723e+02 2.2148e+02 2.0814e+02 2.3059e+02
  79.5000 2.1142e+02 1.8529e+02 2.3908e+02 1.8775e+02 2.3677e+02 2.0938e+02 2.1346e+02 2.0053e+02 2.2232e+02
  80.0000 2.0381e+02 1.7862e+02 2.3044e+02 1.8104e+02 2.2817e+02 2.0184e+02 2.0576e+02 1.9323e+02 2.1439e+02
  80.5000 1.9650e+02 1.7223e+02 2.2214e+02 1.7459e+02 2.1992e+02 1.9462e+02 1.9838e+02 1.8623e+02 2.0678e+02
  81.0000 1.8950e+02 1.6610e+02 2.1419e+02 1.6841e+02 2.1202e+02 1.8769e+02 1.9129e+02 1.7952e+02 1.9947e+02
  81.5000 1.8277e+02 1.6021e+02 2.0656e+02 1.6247e+02 2.0443e+02 1.8103e+02 1.8450e+02 1.7308e+02 1.9246e+02
  82.0000 1.7632e+02 1.5456e+02 1.9925e+02 1.5677e+02 1.9716e+02 1.7465e+02 1.7798e+02 1.6691e+02 1.8573e+02
  82.5000 1.7012e+02 1.4913e+02 1.9222e+02 1.5130e+02 1.9018e+02 1.6852e+02 1.7172e+02 1.6098e+02 1.7927e+02
  83.0000 1.6418e+02 1.4392e+02 1.8548e+02 1.4604e+02 1.8348e+02 1.6263e+02 1.6571e+02 1.5529e+02 1.7307e+02
  83.5000 1.5847e+02 1.3892e+02 1.7901e+02 1.4100e+02 1.7705e+02 1.5698e+02 1.5994e+02 1.4982e+02 1.6711e+02
  84.0000 1.5298e+02 1.3411e+02 1.7280e+02 1.3614e+02 1.7087e+02 1.5155e+02 1.5440e+02 1.4458e+02 1.6138e+02
  84.5000 1.4771e+02 1.2949e+02 1.6683e+02 1.3148e+02 1.6494e+02 1.4634e+02 1.4907e+02 1.3954e+02 1.5588e+02
  85.0000 1.4264e+02 1.2505e+02 1.6109e+02 1.2700e+02 1.5924e+02 1.4132e+02 1.4396e+02 1.3469e+02 1.5059e+02
  85.5000 1.3778e+02 1.2078e+02 1.5558e+02 1.2269e+02 1.5377e+02 1.3651e+02 1.3904e+02 1.3004e+02 1.4551e+02
  86.0000 1.3310e+02 1.1667e+02 1.5029e+02 1.1855e+02 1.4851e+02 1.3188e+02 1.3431e+02 1.2557e+02 1.4062e+02
  86.5000 1.2860e+02 1.1273e+02 1.4520e+02 1.1457e+02 1.4345e+02 1.2742e+02 1.2977e+02 1.2127e+02 1.3592e+02
  87.0000 1.2427e+02 1.0893e+02 1.4030e+02 1.1073e+02 1.3859e+02 1.2314e+02 1.2539e+02 1.1714e+02 1.3140e+02
  87.5000 1.2011e+02 1.0528e+02 1.3560e+02 1.0705e+02 1.3391e+02 1.1902e+02 1.2119e+02 1.1317e+02 1.2704e+02
  88.0000 1.1610e+02 1.0176e+02 1.3107e+02 1.0350e+02 1.2942e+02 1.1505e+02 1.1715e+02 1.0935e+02 1.2286e+02
  88.5000 1.1225e+02 9.8381e+01 1.2671e+02 1.0008e+02 1.2509e+02 1.1124e+02 1.1325e+02 1.0567e+02 1.1883e+02
  89.0000 1.0854e+02 9.5126e+01 1.2252e+02 9.6794e+01 1.2093e+02 1.0756e+02 1.0951e+02 1.0213e+02 1.1495e+02
  89.5000 1.0497e+02 9.1991e+01 1.1849e+02 9.3629e+01 1.1692e+02 1.0403e+02 1.0591e+02 9.8728e+01 1.1121e+02
  90.0000 1.0153e+02 8.8973e+01 1.1460e+02 9.0580e+01 1.1307e+02 1.0062e+02 1.0243e+02 9.5451e+01 1.0761e+02
  90.5000 9.8221e+01 8.6067e+01 1.1086e+02 8.7644e+01 1.0936e+02 9.7347e+01 9.9091e+01 9.2297e+01 1.0414e+02
  91.0000 9.5032e+01 8.3267e+01 1.0726e+02 8.4815e+01 1.0578e+02 9.4190e+01 9.5872e+01 8.9259e+01 1.0081e+02
  91.5000 9.1961e+01 8.0570e+01 1.0380e+02 8.2090e+01 1.0234e+02 9.1148e+01 9.2771e+01 8.6334e+01 9.7588e+01
  92.0000 8.9001e+01 7.7970e+01 1.0045e+02 7.9463e+01 9.9024e+01 8.8217e+01 8.9783e+01 8.3516e+01 9.4487e+01
  92.5000 8.6149e+01 7.5466e+01 9.7233e+01 7.6931e+01 9.5828e+01 8.5392e+01 8.6903e+01 8.0801e+01 9.1497e+01
  93.0000 8.3400e+01 7.3051e+01 9.4130e+01 7.4491e+01 9.2749e+01 8.2670e+01 8.4128e+01 7.8185e+01 8.8615e+01
  93.5000 8.0749e+01 7.0724e+01 9.1139e+01 7.2138e+01 8.9781e+01 8.0045e+01 8.1453e+01 7.5664e+01 8.5835e+01
  94.0000 7.8195e+01 6.8479e+01 8.8256e+01 6.9868e+01 8.6921e+01 7.7514e+01 7.8874e+01 7.3235e+01 8.3155e+01
  94.5000 7.5731e+01 6.6315e+01 8.5476e+01 6.7680e+01 8.4165e+01 7.5074e+01 7.6387e+01 7.0894e+01 8.0570e+01
  95.0000 7.3356e+01 6.4228e+01 8.2796e+01 6.5569e+01 8.1507e+01 7.2721e+01 7.3989e+01 6.8636e+01 7.8076e+01
  95.5000 7.1065e+01 6.2215e+01 8.0212e+01 6.3533e+01 7.8944e+01 7.0452e+01 7.1677e+01 6.6460e+01 7.5670e+01
  96.0000 6.8854e+01 6.0273e+01 7.7720e+01 6.1568e+01 7.6473e+01 6.8262e+01 6.9446e+01 6.4361e+01 7.3349e+01
  96.5000 6.6722e+01 5.8399e+01 7.5315e+01 5.9672e+01 7.4089e+01 6.6150e+01 6.7294e+01 6.2336e+01 7.1108e+01
  97.0000 6.4664e+01 5.6591e+01 7.2995e+01 5.7841e+01 7.1790e+01 6.4111e+01 6.5217e+01 6.0383e+01 6.8946e+01
  97.5000 6.2678e+01 5.4845e+01 7.0757e+01 5.6075e+01 6.9571e+01 6.2144e+01 6.3213e+01 5.8499e+01 6.6858e+01
  98.0000 6.0761e+01 5.3160e+01 6.8596e+01 5.4369e+01 6.7430e+01 6.0244e+01 6.1278e+01 5.6681e+01 6.4842e+01
  98.5000 5.8911e+01 5.1533e+01 6.6511e+01 5.2722e+01 6.5364e+01 5.8411e+01 5.9411e+01 5.4927e+01 6.2895e+01
  99.0000 5.7124e+01 4.9956e+01 6.4498e+01 5.1123e+01 6.3369e+01 5.6640e+01 5.7608e+01 5.3234e+01 6.1015e+01
  99.5000 5.5399e+01 4.8432e+01 6.2554e+01 4.9579e+01 6.1443e+01 5.4931e+01 5.5867e+01 5.1599e+01 5.9198e+01
 100.0000 5.3732e+01 4.6961e+01 6.0676e+01 4.8087e+01 5.9584e+01 5.3279e+01 5.4185e+01 5.0021e+01 5.7443e+01
 100.5000 5.2122e+01 4.5540e+01 5.8863e+01 4.6645e+01 5.7788e+01 5.1684e+01 5.2560e+01 4.8497e+01 5.5747e+01
 101.0000 5.0567e+01 4.4167e+01 5.7111e+01 4.5253e+01 5.6053e+01 5.0142e+01 5.0991e+01 4.7025e+01 5.4108e+01
 101.5000 4.9064e+01 4.2840e+01 5.5418e+01 4.3907e+01 5.4378e+01 4.8653e+01 4.9475e+01 4.5603e+01 5.2524e+01
 102.0000 4.7611e+01 4.1559e+01 5.3783e+01 4.2607e+01 5.2759e+01 4.7214e+01 4.8009e+01 4.4230e+01 5.0993e+01
 102.5000 4.6208e+01 4.0320e+01 5.2202e+01 4.1350e+01 5.1194e+01 4.5823e+01 4.6593e+01 4.2903e+01 4.9512e+01
 103.0000 4.4851e+01 3.9123e+01 5.0674e+01 4.0136e+01 4.9682e+01 4.4478e+01 4.5224e+01 4.1620e+01 4.8080e+01
 103.5000 4.3539e+01 3.7966e+01 4.9197e+01 3.8961e+01 4.8221e+01 4.3177e+01 4.3900e+01 4.0381e+01 4.6696e+01
 104.0000 4.2270e+01 3.6847e+01 4.7769e+01 3.7825e+01 4.6808e+01 4.1920e+01 4.2620e+01 3.9183e+01 4.5356e+01
 104.5000 4.1043e+01 3.5765e+01 4.6388e+01 3.6727e+01 4.5442e+01 4.0704e+01 4.1383e+01 3.8025e+01 4.4060e+01
 105.0000 3.9856e+01 3.4719e+01 4.5052e+01 3.5664e+01 4.4121e+01 3.9528e+01 4.0185e+01 3.6906e+01 4.2806e+01
 105.5000 3.8708e+01 3.3708e+01 4.3760e+01 3.4636e+01 4.2843e+01 3.8390e+01 3.9027e+01 3.5823e+01 4.1593e+01
 106.0000 3.7598e+01 3.2729e+01 4.2510e+01 3.3642e+01 4.1608e+01 3.7289e+01 3.7907e+01 3.4776e+01 4.0418e+01
 106.5000 3.6523e+01 3.1782e+01 4.1300e+01 3.2680e+01 4.0412e+01 3.6224e+01 3.6823e+01 3.3763e+01 3.9282e+01
 107.0000 3.5483e+01 3.0866e+01 4.0130e+01 3.1749e+01 3.9255e+01 3.5193e+01 3.5774e+01 3.2783e+01 3.8181e+01
 107.5000 3.4476e+01 2.9979e+01 3.8997e+01 3.0847e+01 3.8136e+01 3.4195e+01 3.4758e+01 3.1835e+01 3.7115e+01
 108.0000 3.3502e+01 2.9121e+01 3.7900e+01 2.9975e+01 3.7052e+01 3.3228e+01 3.3775e+01 3.0918e+01 3.6084e+01
 108.5000 3.2558e+01 2.8291e+01 3.6838e+01 2.9130e+01 3.6003e+01 3.2293e+01 3.2824e+01 3.0030e+01 3.5084e+01
 109.0000 3.1644e+01 2.7487e+01 3.5810e+01 2.8312e+01 3.4988e+01 3.1387e+01 3.1902e+01 2.9171e+01 3.4116e+01
 109.5000 3.0760e+01 2.6708e+01 3.4815e+01 2.7520e+01 3.4005e+01 3.0510e+01 3.1010e+01 2.8340e+01 3.3178e+01
 110.0000 2.9903e+01 2.5955e+01 3.3850e+01 2.6753e+01 3.3053e+01 2.9661e+01 3.0145e+01 2.7535e+01 3.2270e+01
 110.5000 2.9073e+01 2.5225e+01 3.2916e+01 2.6010e+01 3.2130e+01 2.8838e+01 2.9308e+01 2.6755e+01 3.1389e+01
 111.0000 2.8269e+01 2.4518e+01 3.2011e+01 2.5290e+01 3.1237e+01 2.8041e+01 2.8497e+01 2.6000e+01 3.0536e+01
 111.5000 2.7489e+01 2.3833e+01 3.1134e+01 2.4593e+01 3.0372e+01 2.7268e+01 2.7712e+01 2.5269e+01 2.9709e+01
 112.0000 2.6735e+01 2.3169e+01 3.0284e+01 2.3917e+01 2.9534e+01 2.6520e+01 2.6950e+01 2.4561e+01 2.8907e+01
 112.5000 2.6003e+01 2.2526e+01 2.9460e+01 2.3262e+01 2.8721e+01 2.5794e+01 2.6212e+01 2.3874e+01 2.8129e+01
 113.0000 2.5293e+01 2.1903e+01 2.8662e+01 2.2627e+01 2.7934e+01 2.5091e+01 2.5497e+01 2.3210e+01 2.7375e+01
 113.5000 2.4606e+01 2.1299e+01 2.7888e+01 2.2011e+01 2.7171e+01 2.4409e+01 2.4803e+01 2.2566e+01 2.6644e+01
 114.0000 2.3939e+01 2.0714e+01 2.7137e+01 2.1414e+01 2.6430e+01 2.3748e+01 2.4131e+01 2.1941e+01 2.5935e+01
 114.5000 2.3293e+01 2.0146e+01 2.6410e+01 2.0836e+01 2.5713e+01 2.3107e+01 2.3479e+01 2.1336e+01 2.5247e+01
 115.0000 2.2666e+01 1.9596e+01 2.5704e+01 2.0275e+01 2.5018e+01 2.2485e+01 2.2847e+01 2.0750e+01 2.4580e+01
 115.5000 2.2058e+01 1.9063e+01 2.5019e+01 1.9731e+01 2.4343e+01 2.1883e+01 2.2234e+01 2.0181e+01 2.3933e+01
 116.0000 2.1469e+01 1.8546e+01 2.4356e+01 1.9203e+01 2.3690e+01 2.1298e+01 2.1640e+01 1.9631e+01 2.3305e+01
 116.5000 2.0897e+01 1.8045e+01 2.3712e+01 1.8691e+01 2.3056e+01 2.0731e+01 2.1063e+01 1.9096e+01 2.2696e+01
 117.0000 2.0342e+01 1.7559e+01 2.3088e+01 1.8195e+01 2.2441e+01 2.0181e+01 2.0504e+01 1.8578e+01 2.2105e+01
 117.5000 1.9805e+01 1.7087e+01 2.2482e+01 1.7713e+01 2.1845e+01 1.9648e+01 1.9962e+01 1.8076e+01 2.1531e+01
 118.0000 1.9283e+01 1.6630e+01 2.1894e+01 1.7246e+01 2.1266e+01 1.9130e+01 1.9436e+01 1.7589e+01 2.0974e+01
 118.5000 1.8776e+01 1.6186e+01 2.1324e+01 1.6793e+01 2.0705e+01 1.8628e+01 1.8925e+01 1.7117e+01 2.0434e+01
 119.0000 1.8285e+01 1.5756e+01 2.0770e+01 1.6353e+01 2.0161e+01 1.8141e+01 1.8430e+01 1.6659e+01 1.9909e+01
 119.5000 1.7808e+01 1.5338e+01 2.0233e+01 1.5926e+01 1.9632e+01 1.7668e+01 1.7949e+01 1.6214e+01 1.9399e+01
 120.0000 1.7345e+01 1.4933e+01 1.9712e+01 1.5512e+01 1.9120e+01 1.7209e+01 1.7482e+01 1.5783e+01 1.8905e+01
